(kicad_pcb (version 20171130) (host pcbnew "(5.1.9)-1")

  (general
    (thickness 1.6)
    (drawings 10)
    (tracks 252)
    (zones 0)
    (modules 27)
    (nets 17)
  )

  (page A4)
  (layers
    (0 F.Cu signal)
    (31 B.Cu signal)
    (32 B.Adhes user)
    (33 F.Adhes user)
    (34 B.Paste user)
    (35 F.Paste user)
    (36 B.SilkS user)
    (37 F.SilkS user)
    (38 B.Mask user)
    (39 F.Mask user)
    (40 Dwgs.User user)
    (41 Cmts.User user)
    (42 Eco1.User user)
    (43 Eco2.User user)
    (44 Edge.Cuts user)
    (45 Margin user)
    (46 B.CrtYd user)
    (47 F.CrtYd user)
    (48 B.Fab user)
    (49 F.Fab user)
  )

  (setup
    (last_trace_width 0.15)
    (user_trace_width 0.2)
    (user_trace_width 0.5)
    (trace_clearance 0.15)
    (zone_clearance 0.4)
    (zone_45_only no)
    (trace_min 0.15)
    (via_size 0.45)
    (via_drill 0.2)
    (via_min_size 0.45)
    (via_min_drill 0.2)
    (uvia_size 0.3)
    (uvia_drill 0.1)
    (uvias_allowed no)
    (uvia_min_size 0.2)
    (uvia_min_drill 0.1)
    (edge_width 0.05)
    (segment_width 0.2)
    (pcb_text_width 0.3)
    (pcb_text_size 1.5 1.5)
    (mod_edge_width 0.12)
    (mod_text_size 1 1)
    (mod_text_width 0.15)
    (pad_size 1.524 1.524)
    (pad_drill 0.762)
    (pad_to_mask_clearance 0.04)
    (solder_mask_min_width 0.1)
    (aux_axis_origin 0 0)
    (visible_elements 7FFFFFFF)
    (pcbplotparams
      (layerselection 0x010fc_ffffffff)
      (usegerberextensions false)
      (usegerberattributes false)
      (usegerberadvancedattributes false)
      (creategerberjobfile false)
      (excludeedgelayer true)
      (linewidth 0.100000)
      (plotframeref false)
      (viasonmask false)
      (mode 1)
      (useauxorigin false)
      (hpglpennumber 1)
      (hpglpenspeed 20)
      (hpglpendiameter 15.000000)
      (psnegative false)
      (psa4output false)
      (plotreference true)
      (plotvalue true)
      (plotinvisibletext false)
      (padsonsilk false)
      (subtractmaskfromsilk false)
      (outputformat 1)
      (mirror false)
      (drillshape 0)
      (scaleselection 1)
      (outputdirectory "gerber"))
  )

  (net 0 "")
  (net 1 GND)
  (net 2 "Net-(R3-Pad1)")
  (net 3 "Net-(C2-Pad1)")
  (net 4 /Controller/PoE-)
  (net 5 /Controller/PoE+)
  (net 6 /Controller/GNDPWR)
  (net 7 "Net-(C4-Pad1)")
  (net 8 "Net-(C8-Pad2)")
  (net 9 "Net-(C8-Pad1)")
  (net 10 /Controller/5V)
  (net 11 "Net-(D1-Pad2)")
  (net 12 "Net-(D2-Pad2)")
  (net 13 "Net-(D2-Pad1)")
  (net 14 "Net-(R1-Pad2)")
  (net 15 "Net-(R4-Pad2)")
  (net 16 "Net-(R5-Pad1)")

  (net_class Default "This is the default net class."
    (clearance 0.15)
    (trace_width 0.15)
    (via_dia 0.45)
    (via_drill 0.2)
    (uvia_dia 0.3)
    (uvia_drill 0.1)
    (add_net /Controller/5V)
    (add_net /Controller/GNDPWR)
    (add_net /Controller/PoE+)
    (add_net /Controller/PoE-)
    (add_net GND)
    (add_net "Net-(C2-Pad1)")
    (add_net "Net-(C4-Pad1)")
    (add_net "Net-(C8-Pad1)")
    (add_net "Net-(C8-Pad2)")
    (add_net "Net-(D1-Pad2)")
    (add_net "Net-(D2-Pad1)")
    (add_net "Net-(D2-Pad2)")
    (add_net "Net-(R1-Pad2)")
    (add_net "Net-(R3-Pad1)")
    (add_net "Net-(R4-Pad2)")
    (add_net "Net-(R5-Pad1)")
  )

  (module Capacitor_SMD:C_1806_4516Metric (layer B.Cu) (tedit 5B301BBE) (tstamp 60A12EB4)
    (at 99 81.9 180)
    (descr "Capacitor SMD 1806 (4516 Metric), square (rectangular) end terminal, IPC_7351 nominal, (Body size source: https://www.modelithics.com/models/Vendor/MuRata/BLM41P.pdf), generated with kicad-footprint-generator")
    (tags capacitor)
    (path /6083C3A8/60A945DB)
    (attr smd)
    (fp_text reference C12 (at 0 1.85) (layer B.SilkS)
      (effects (font (size 1 1) (thickness 0.15)) (justify mirror))
    )
    (fp_text value 1nF (at 0 -1.85) (layer B.Fab)
      (effects (font (size 1 1) (thickness 0.15)) (justify mirror))
    )
    (fp_line (start 2.95 -1.15) (end -2.95 -1.15) (layer B.CrtYd) (width 0.05))
    (fp_line (start 2.95 1.15) (end 2.95 -1.15) (layer B.CrtYd) (width 0.05))
    (fp_line (start -2.95 1.15) (end 2.95 1.15) (layer B.CrtYd) (width 0.05))
    (fp_line (start -2.95 -1.15) (end -2.95 1.15) (layer B.CrtYd) (width 0.05))
    (fp_line (start -1.111252 -0.91) (end 1.111252 -0.91) (layer B.SilkS) (width 0.12))
    (fp_line (start -1.111252 0.91) (end 1.111252 0.91) (layer B.SilkS) (width 0.12))
    (fp_line (start 2.25 -0.8) (end -2.25 -0.8) (layer B.Fab) (width 0.1))
    (fp_line (start 2.25 0.8) (end 2.25 -0.8) (layer B.Fab) (width 0.1))
    (fp_line (start -2.25 0.8) (end 2.25 0.8) (layer B.Fab) (width 0.1))
    (fp_line (start -2.25 -0.8) (end -2.25 0.8) (layer B.Fab) (width 0.1))
    (fp_text user %R (at 0 0) (layer B.Fab)
      (effects (font (size 1 1) (thickness 0.15)) (justify mirror))
    )
    (pad 2 smd roundrect (at 2 0 180) (size 1.4 1.8) (layers B.Cu B.Paste B.Mask) (roundrect_rratio 0.178571)
      (net 6 /Controller/GNDPWR))
    (pad 1 smd roundrect (at -2 0 180) (size 1.4 1.8) (layers B.Cu B.Paste B.Mask) (roundrect_rratio 0.178571)
      (net 1 GND))
    (model ${KISYS3DMOD}/Capacitor_SMD.3dshapes/C_1806_4516Metric.wrl
      (at (xyz 0 0 0))
      (scale (xyz 1 1 1))
      (rotate (xyz 0 0 0))
    )
  )

  (module Package_DFN_QFN:QFN-28-1EP_4x5mm_P0.5mm_EP2.65x3.65mm_ThermalVias (layer B.Cu) (tedit 5DC5F6A4) (tstamp 60A09A9D)
    (at 93.2 81.8)
    (descr "QFN, 28 Pin (http://www.analog.com/media/en/technical-documentation/data-sheets/3555fe.pdf#page=32), generated with kicad-footprint-generator ipc_noLead_generator.py")
    (tags "QFN NoLead")
    (path /6083C3A8/60A0318A)
    (attr smd)
    (fp_text reference U1 (at 0 3.82) (layer B.SilkS)
      (effects (font (size 1 1) (thickness 0.15)) (justify mirror))
    )
    (fp_text value MP8007 (at 0 -3.82) (layer B.Fab)
      (effects (font (size 1 1) (thickness 0.15)) (justify mirror))
    )
    (fp_line (start 1.635 2.61) (end 2.11 2.61) (layer B.SilkS) (width 0.12))
    (fp_line (start 2.11 2.61) (end 2.11 2.135) (layer B.SilkS) (width 0.12))
    (fp_line (start -1.635 -2.61) (end -2.11 -2.61) (layer B.SilkS) (width 0.12))
    (fp_line (start -2.11 -2.61) (end -2.11 -2.135) (layer B.SilkS) (width 0.12))
    (fp_line (start 1.635 -2.61) (end 2.11 -2.61) (layer B.SilkS) (width 0.12))
    (fp_line (start 2.11 -2.61) (end 2.11 -2.135) (layer B.SilkS) (width 0.12))
    (fp_line (start -1.635 2.61) (end -2.11 2.61) (layer B.SilkS) (width 0.12))
    (fp_line (start -1 2.5) (end 2 2.5) (layer B.Fab) (width 0.1))
    (fp_line (start 2 2.5) (end 2 -2.5) (layer B.Fab) (width 0.1))
    (fp_line (start 2 -2.5) (end -2 -2.5) (layer B.Fab) (width 0.1))
    (fp_line (start -2 -2.5) (end -2 1.5) (layer B.Fab) (width 0.1))
    (fp_line (start -2 1.5) (end -1 2.5) (layer B.Fab) (width 0.1))
    (fp_line (start -2.62 3.12) (end -2.62 -3.12) (layer B.CrtYd) (width 0.05))
    (fp_line (start -2.62 -3.12) (end 2.62 -3.12) (layer B.CrtYd) (width 0.05))
    (fp_line (start 2.62 -3.12) (end 2.62 3.12) (layer B.CrtYd) (width 0.05))
    (fp_line (start 2.62 3.12) (end -2.62 3.12) (layer B.CrtYd) (width 0.05))
    (fp_text user %R (at 0 0) (layer B.Fab)
      (effects (font (size 1 1) (thickness 0.15)) (justify mirror))
    )
    (pad "" smd roundrect (at 0.66 -1.22) (size 1.07 0.98) (layers B.Paste) (roundrect_rratio 0.25))
    (pad "" smd roundrect (at 0.66 0) (size 1.07 0.98) (layers B.Paste) (roundrect_rratio 0.25))
    (pad "" smd roundrect (at 0.66 1.22) (size 1.07 0.98) (layers B.Paste) (roundrect_rratio 0.25))
    (pad "" smd roundrect (at -0.66 -1.22) (size 1.07 0.98) (layers B.Paste) (roundrect_rratio 0.25))
    (pad "" smd roundrect (at -0.66 0) (size 1.07 0.98) (layers B.Paste) (roundrect_rratio 0.25))
    (pad "" smd roundrect (at -0.66 1.22) (size 1.07 0.98) (layers B.Paste) (roundrect_rratio 0.25))
    (pad 29 smd rect (at 0 0) (size 2.65 3.65) (layers F.Cu)
      (net 6 /Controller/GNDPWR))
    (pad 29 thru_hole circle (at 1.075 -1.575) (size 0.5 0.5) (drill 0.2) (layers *.Cu)
      (net 6 /Controller/GNDPWR))
    (pad 29 thru_hole circle (at 0 -1.575) (size 0.5 0.5) (drill 0.2) (layers *.Cu)
      (net 6 /Controller/GNDPWR))
    (pad 29 thru_hole circle (at -1.075 -1.575) (size 0.5 0.5) (drill 0.2) (layers *.Cu)
      (net 6 /Controller/GNDPWR))
    (pad 29 thru_hole circle (at 1.075 -0.525) (size 0.5 0.5) (drill 0.2) (layers *.Cu)
      (net 6 /Controller/GNDPWR))
    (pad 29 thru_hole circle (at 0 -0.525) (size 0.5 0.5) (drill 0.2) (layers *.Cu)
      (net 6 /Controller/GNDPWR))
    (pad 29 thru_hole circle (at -1.075 -0.525) (size 0.5 0.5) (drill 0.2) (layers *.Cu)
      (net 6 /Controller/GNDPWR))
    (pad 29 thru_hole circle (at 1.075 0.525) (size 0.5 0.5) (drill 0.2) (layers *.Cu)
      (net 6 /Controller/GNDPWR))
    (pad 29 thru_hole circle (at 0 0.525) (size 0.5 0.5) (drill 0.2) (layers *.Cu)
      (net 6 /Controller/GNDPWR))
    (pad 29 thru_hole circle (at -1.075 0.525) (size 0.5 0.5) (drill 0.2) (layers *.Cu)
      (net 6 /Controller/GNDPWR))
    (pad 29 thru_hole circle (at 1.075 1.575) (size 0.5 0.5) (drill 0.2) (layers *.Cu)
      (net 6 /Controller/GNDPWR))
    (pad 29 thru_hole circle (at 0 1.575) (size 0.5 0.5) (drill 0.2) (layers *.Cu)
      (net 6 /Controller/GNDPWR))
    (pad 29 thru_hole circle (at -1.075 1.575) (size 0.5 0.5) (drill 0.2) (layers *.Cu)
      (net 6 /Controller/GNDPWR))
    (pad 29 smd rect (at 0 0) (size 2.65 3.65) (layers B.Cu B.Mask)
      (net 6 /Controller/GNDPWR))
    (pad 28 smd roundrect (at -1.25 2.45) (size 0.25 0.85) (layers B.Cu B.Paste B.Mask) (roundrect_rratio 0.25))
    (pad 27 smd roundrect (at -0.75 2.45) (size 0.25 0.85) (layers B.Cu B.Paste B.Mask) (roundrect_rratio 0.25))
    (pad 26 smd roundrect (at -0.25 2.45) (size 0.25 0.85) (layers B.Cu B.Paste B.Mask) (roundrect_rratio 0.25)
      (net 2 "Net-(R3-Pad1)"))
    (pad 25 smd roundrect (at 0.25 2.45) (size 0.25 0.85) (layers B.Cu B.Paste B.Mask) (roundrect_rratio 0.25)
      (net 4 /Controller/PoE-))
    (pad 24 smd roundrect (at 0.75 2.45) (size 0.25 0.85) (layers B.Cu B.Paste B.Mask) (roundrect_rratio 0.25)
      (net 4 /Controller/PoE-))
    (pad 23 smd roundrect (at 1.25 2.45) (size 0.25 0.85) (layers B.Cu B.Paste B.Mask) (roundrect_rratio 0.25)
      (net 4 /Controller/PoE-))
    (pad 22 smd roundrect (at 1.95 1.75) (size 0.85 0.25) (layers B.Cu B.Paste B.Mask) (roundrect_rratio 0.25))
    (pad 21 smd roundrect (at 1.95 1.25) (size 0.85 0.25) (layers B.Cu B.Paste B.Mask) (roundrect_rratio 0.25)
      (net 6 /Controller/GNDPWR))
    (pad 20 smd roundrect (at 1.95 0.75) (size 0.85 0.25) (layers B.Cu B.Paste B.Mask) (roundrect_rratio 0.25)
      (net 6 /Controller/GNDPWR))
    (pad 19 smd roundrect (at 1.95 0.25) (size 0.85 0.25) (layers B.Cu B.Paste B.Mask) (roundrect_rratio 0.25))
    (pad 18 smd roundrect (at 1.95 -0.25) (size 0.85 0.25) (layers B.Cu B.Paste B.Mask) (roundrect_rratio 0.25))
    (pad 17 smd roundrect (at 1.95 -0.75) (size 0.85 0.25) (layers B.Cu B.Paste B.Mask) (roundrect_rratio 0.25)
      (net 6 /Controller/GNDPWR))
    (pad 16 smd roundrect (at 1.95 -1.25) (size 0.85 0.25) (layers B.Cu B.Paste B.Mask) (roundrect_rratio 0.25)
      (net 6 /Controller/GNDPWR))
    (pad 15 smd roundrect (at 1.95 -1.75) (size 0.85 0.25) (layers B.Cu B.Paste B.Mask) (roundrect_rratio 0.25))
    (pad 14 smd roundrect (at 1.25 -2.45) (size 0.25 0.85) (layers B.Cu B.Paste B.Mask) (roundrect_rratio 0.25))
    (pad 13 smd roundrect (at 0.75 -2.45) (size 0.25 0.85) (layers B.Cu B.Paste B.Mask) (roundrect_rratio 0.25)
      (net 11 "Net-(D1-Pad2)"))
    (pad 12 smd roundrect (at 0.25 -2.45) (size 0.25 0.85) (layers B.Cu B.Paste B.Mask) (roundrect_rratio 0.25)
      (net 11 "Net-(D1-Pad2)"))
    (pad 11 smd roundrect (at -0.25 -2.45) (size 0.25 0.85) (layers B.Cu B.Paste B.Mask) (roundrect_rratio 0.25))
    (pad 10 smd roundrect (at -0.75 -2.45) (size 0.25 0.85) (layers B.Cu B.Paste B.Mask) (roundrect_rratio 0.25)
      (net 3 "Net-(C2-Pad1)"))
    (pad 9 smd roundrect (at -1.25 -2.45) (size 0.25 0.85) (layers B.Cu B.Paste B.Mask) (roundrect_rratio 0.25)
      (net 6 /Controller/GNDPWR))
    (pad 8 smd roundrect (at -1.95 -1.75) (size 0.85 0.25) (layers B.Cu B.Paste B.Mask) (roundrect_rratio 0.25)
      (net 16 "Net-(R5-Pad1)"))
    (pad 7 smd roundrect (at -1.95 -1.25) (size 0.85 0.25) (layers B.Cu B.Paste B.Mask) (roundrect_rratio 0.25)
      (net 14 "Net-(R1-Pad2)"))
    (pad 6 smd roundrect (at -1.95 -0.75) (size 0.85 0.25) (layers B.Cu B.Paste B.Mask) (roundrect_rratio 0.25)
      (net 6 /Controller/GNDPWR))
    (pad 5 smd roundrect (at -1.95 -0.25) (size 0.85 0.25) (layers B.Cu B.Paste B.Mask) (roundrect_rratio 0.25)
      (net 5 /Controller/PoE+))
    (pad 4 smd roundrect (at -1.95 0.25) (size 0.85 0.25) (layers B.Cu B.Paste B.Mask) (roundrect_rratio 0.25)
      (net 5 /Controller/PoE+))
    (pad 3 smd roundrect (at -1.95 0.75) (size 0.85 0.25) (layers B.Cu B.Paste B.Mask) (roundrect_rratio 0.25))
    (pad 2 smd roundrect (at -1.95 1.25) (size 0.85 0.25) (layers B.Cu B.Paste B.Mask) (roundrect_rratio 0.25)
      (net 15 "Net-(R4-Pad2)"))
    (pad 1 smd roundrect (at -1.95 1.75) (size 0.85 0.25) (layers B.Cu B.Paste B.Mask) (roundrect_rratio 0.25)
      (net 5 /Controller/PoE+))
    (model ${KISYS3DMOD}/Package_DFN_QFN.3dshapes/QFN-28-1EP_4x5mm_P0.5mm_EP2.65x3.65mm.wrl
      (at (xyz 0 0 0))
      (scale (xyz 1 1 1))
      (rotate (xyz 0 0 0))
    )
  )

  (module Capacitor_SMD:C_0603_1608Metric (layer B.Cu) (tedit 5F68FEEE) (tstamp 60A0989C)
    (at 89.9 77.3 270)
    (descr "Capacitor SMD 0603 (1608 Metric), square (rectangular) end terminal, IPC_7351 nominal, (Body size source: IPC-SM-782 page 76, https://www.pcb-3d.com/wordpress/wp-content/uploads/ipc-sm-782a_amendment_1_and_2.pdf), generated with kicad-footprint-generator")
    (tags capacitor)
    (path /6083C3A8/60A1EC7F)
    (attr smd)
    (fp_text reference C2 (at 0 1.43 90) (layer B.SilkS)
      (effects (font (size 1 1) (thickness 0.15)) (justify mirror))
    )
    (fp_text value 100n (at 0 -1.43 90) (layer B.Fab)
      (effects (font (size 1 1) (thickness 0.15)) (justify mirror))
    )
    (fp_line (start -0.8 -0.4) (end -0.8 0.4) (layer B.Fab) (width 0.1))
    (fp_line (start -0.8 0.4) (end 0.8 0.4) (layer B.Fab) (width 0.1))
    (fp_line (start 0.8 0.4) (end 0.8 -0.4) (layer B.Fab) (width 0.1))
    (fp_line (start 0.8 -0.4) (end -0.8 -0.4) (layer B.Fab) (width 0.1))
    (fp_line (start -0.14058 0.51) (end 0.14058 0.51) (layer B.SilkS) (width 0.12))
    (fp_line (start -0.14058 -0.51) (end 0.14058 -0.51) (layer B.SilkS) (width 0.12))
    (fp_line (start -1.48 -0.73) (end -1.48 0.73) (layer B.CrtYd) (width 0.05))
    (fp_line (start -1.48 0.73) (end 1.48 0.73) (layer B.CrtYd) (width 0.05))
    (fp_line (start 1.48 0.73) (end 1.48 -0.73) (layer B.CrtYd) (width 0.05))
    (fp_line (start 1.48 -0.73) (end -1.48 -0.73) (layer B.CrtYd) (width 0.05))
    (fp_text user %R (at 0 0 90) (layer B.Fab)
      (effects (font (size 0.4 0.4) (thickness 0.06)) (justify mirror))
    )
    (pad 2 smd roundrect (at 0.775 0 270) (size 0.9 0.95) (layers B.Cu B.Paste B.Mask) (roundrect_rratio 0.25)
      (net 6 /Controller/GNDPWR))
    (pad 1 smd roundrect (at -0.775 0 270) (size 0.9 0.95) (layers B.Cu B.Paste B.Mask) (roundrect_rratio 0.25)
      (net 3 "Net-(C2-Pad1)"))
    (model ${KISYS3DMOD}/Capacitor_SMD.3dshapes/C_0603_1608Metric.wrl
      (at (xyz 0 0 0))
      (scale (xyz 1 1 1))
      (rotate (xyz 0 0 0))
    )
  )

  (module Capacitor_SMD:C_0603_1608Metric (layer B.Cu) (tedit 5F68FEEE) (tstamp 60A0988B)
    (at 84.625 77 180)
    (descr "Capacitor SMD 0603 (1608 Metric), square (rectangular) end terminal, IPC_7351 nominal, (Body size source: IPC-SM-782 page 76, https://www.pcb-3d.com/wordpress/wp-content/uploads/ipc-sm-782a_amendment_1_and_2.pdf), generated with kicad-footprint-generator")
    (tags capacitor)
    (path /6083C3A8/60A06E25)
    (attr smd)
    (fp_text reference C1 (at 0 1.43) (layer B.SilkS)
      (effects (font (size 1 1) (thickness 0.15)) (justify mirror))
    )
    (fp_text value 100n (at 0 -1.43) (layer B.Fab)
      (effects (font (size 1 1) (thickness 0.15)) (justify mirror))
    )
    (fp_line (start -0.8 -0.4) (end -0.8 0.4) (layer B.Fab) (width 0.1))
    (fp_line (start -0.8 0.4) (end 0.8 0.4) (layer B.Fab) (width 0.1))
    (fp_line (start 0.8 0.4) (end 0.8 -0.4) (layer B.Fab) (width 0.1))
    (fp_line (start 0.8 -0.4) (end -0.8 -0.4) (layer B.Fab) (width 0.1))
    (fp_line (start -0.14058 0.51) (end 0.14058 0.51) (layer B.SilkS) (width 0.12))
    (fp_line (start -0.14058 -0.51) (end 0.14058 -0.51) (layer B.SilkS) (width 0.12))
    (fp_line (start -1.48 -0.73) (end -1.48 0.73) (layer B.CrtYd) (width 0.05))
    (fp_line (start -1.48 0.73) (end 1.48 0.73) (layer B.CrtYd) (width 0.05))
    (fp_line (start 1.48 0.73) (end 1.48 -0.73) (layer B.CrtYd) (width 0.05))
    (fp_line (start 1.48 -0.73) (end -1.48 -0.73) (layer B.CrtYd) (width 0.05))
    (fp_text user %R (at 0 0) (layer B.Fab)
      (effects (font (size 0.4 0.4) (thickness 0.06)) (justify mirror))
    )
    (pad 2 smd roundrect (at 0.775 0 180) (size 0.9 0.95) (layers B.Cu B.Paste B.Mask) (roundrect_rratio 0.25)
      (net 4 /Controller/PoE-))
    (pad 1 smd roundrect (at -0.775 0 180) (size 0.9 0.95) (layers B.Cu B.Paste B.Mask) (roundrect_rratio 0.25)
      (net 5 /Controller/PoE+))
    (model ${KISYS3DMOD}/Capacitor_SMD.3dshapes/C_0603_1608Metric.wrl
      (at (xyz 0 0 0))
      (scale (xyz 1 1 1))
      (rotate (xyz 0 0 0))
    )
  )

  (module local:Transformer_Coilcraft_POE70P (layer F.Cu) (tedit 6084AD6A) (tstamp 60A09DBD)
    (at 95.8 80.5)
    (path /6083C3A8/60A03AF8)
    (fp_text reference U2 (at 0 -7.1) (layer F.SilkS)
      (effects (font (size 1 1) (thickness 0.15)))
    )
    (fp_text value POE70P-50L (at 0 7.2) (layer F.Fab)
      (effects (font (size 1 1) (thickness 0.15)))
    )
    (fp_line (start -8 6.35) (end -8 -6.35) (layer F.CrtYd) (width 0.12))
    (fp_line (start 8 6.35) (end -8 6.35) (layer F.CrtYd) (width 0.12))
    (fp_line (start 8 -6.35) (end 8 6.35) (layer F.CrtYd) (width 0.12))
    (fp_line (start -8 -6.35) (end 8 -6.35) (layer F.CrtYd) (width 0.12))
    (fp_line (start 5.25 -6.35) (end -5.25 -6.35) (layer F.SilkS) (width 0.12))
    (fp_line (start 5.25 6.35) (end 5.25 -6.35) (layer F.SilkS) (width 0.12))
    (fp_line (start -5.25 6.35) (end 5.25 6.35) (layer F.SilkS) (width 0.12))
    (fp_line (start -5.25 -6.35) (end -5.25 6.35) (layer F.SilkS) (width 0.12))
    (pad 1 smd rect (at -6.855 3.75) (size 2.03 1.27) (layers F.Cu F.Paste F.Mask)
      (net 6 /Controller/GNDPWR))
    (pad 2 smd rect (at -6.855 1.25) (size 2.03 1.27) (layers F.Cu F.Paste F.Mask)
      (net 12 "Net-(D2-Pad2)"))
    (pad 3 smd rect (at -6.855 -1.25) (size 2.03 1.27) (layers F.Cu F.Paste F.Mask)
      (net 11 "Net-(D1-Pad2)"))
    (pad 4 smd rect (at -6.855 -3.75) (size 2.03 1.27) (layers F.Cu F.Paste F.Mask)
      (net 5 /Controller/PoE+))
    (pad 8 smd rect (at 6.855 3.75) (size 2.03 1.27) (layers F.Cu F.Paste F.Mask)
      (net 1 GND))
    (pad 7 smd rect (at 6.855 1.25) (size 2.03 1.27) (layers F.Cu F.Paste F.Mask)
      (net 1 GND))
    (pad 6 smd rect (at 6.855 -1.25) (size 2.03 1.27) (layers F.Cu F.Paste F.Mask)
      (net 9 "Net-(C8-Pad1)"))
    (pad 5 smd rect (at 6.855 -3.75) (size 2.03 1.27) (layers F.Cu F.Paste F.Mask)
      (net 9 "Net-(C8-Pad1)"))
  )

  (module Resistor_SMD:R_0603_1608Metric (layer F.Cu) (tedit 5F68FEEE) (tstamp 60A09A65)
    (at 108 75.1)
    (descr "Resistor SMD 0603 (1608 Metric), square (rectangular) end terminal, IPC_7351 nominal, (Body size source: IPC-SM-782 page 72, https://www.pcb-3d.com/wordpress/wp-content/uploads/ipc-sm-782a_amendment_1_and_2.pdf), generated with kicad-footprint-generator")
    (tags resistor)
    (path /6083C3A8/60A4B646)
    (attr smd)
    (fp_text reference R8 (at 0 -1.43) (layer F.SilkS)
      (effects (font (size 1 1) (thickness 0.15)))
    )
    (fp_text value 20k (at 0 1.43) (layer F.Fab)
      (effects (font (size 1 1) (thickness 0.15)))
    )
    (fp_line (start -0.8 0.4125) (end -0.8 -0.4125) (layer F.Fab) (width 0.1))
    (fp_line (start -0.8 -0.4125) (end 0.8 -0.4125) (layer F.Fab) (width 0.1))
    (fp_line (start 0.8 -0.4125) (end 0.8 0.4125) (layer F.Fab) (width 0.1))
    (fp_line (start 0.8 0.4125) (end -0.8 0.4125) (layer F.Fab) (width 0.1))
    (fp_line (start -0.237258 -0.5225) (end 0.237258 -0.5225) (layer F.SilkS) (width 0.12))
    (fp_line (start -0.237258 0.5225) (end 0.237258 0.5225) (layer F.SilkS) (width 0.12))
    (fp_line (start -1.48 0.73) (end -1.48 -0.73) (layer F.CrtYd) (width 0.05))
    (fp_line (start -1.48 -0.73) (end 1.48 -0.73) (layer F.CrtYd) (width 0.05))
    (fp_line (start 1.48 -0.73) (end 1.48 0.73) (layer F.CrtYd) (width 0.05))
    (fp_line (start 1.48 0.73) (end -1.48 0.73) (layer F.CrtYd) (width 0.05))
    (fp_text user %R (at 0 0) (layer F.Fab)
      (effects (font (size 0.4 0.4) (thickness 0.06)))
    )
    (pad 2 smd roundrect (at 0.825 0) (size 0.8 0.95) (layers F.Cu F.Paste F.Mask) (roundrect_rratio 0.25)
      (net 10 /Controller/5V))
    (pad 1 smd roundrect (at -0.825 0) (size 0.8 0.95) (layers F.Cu F.Paste F.Mask) (roundrect_rratio 0.25)
      (net 8 "Net-(C8-Pad2)"))
    (model ${KISYS3DMOD}/Resistor_SMD.3dshapes/R_0603_1608Metric.wrl
      (at (xyz 0 0 0))
      (scale (xyz 1 1 1))
      (rotate (xyz 0 0 0))
    )
  )

  (module Resistor_SMD:R_0603_1608Metric (layer B.Cu) (tedit 5F68FEEE) (tstamp 60A09A54)
    (at 87.6 76.6)
    (descr "Resistor SMD 0603 (1608 Metric), square (rectangular) end terminal, IPC_7351 nominal, (Body size source: IPC-SM-782 page 72, https://www.pcb-3d.com/wordpress/wp-content/uploads/ipc-sm-782a_amendment_1_and_2.pdf), generated with kicad-footprint-generator")
    (tags resistor)
    (path /6083C3A8/60A216C3)
    (attr smd)
    (fp_text reference R7 (at 0 1.43) (layer B.SilkS)
      (effects (font (size 1 1) (thickness 0.15)) (justify mirror))
    )
    (fp_text value 1k (at 0 -1.43) (layer B.Fab)
      (effects (font (size 1 1) (thickness 0.15)) (justify mirror))
    )
    (fp_line (start -0.8 -0.4125) (end -0.8 0.4125) (layer B.Fab) (width 0.1))
    (fp_line (start -0.8 0.4125) (end 0.8 0.4125) (layer B.Fab) (width 0.1))
    (fp_line (start 0.8 0.4125) (end 0.8 -0.4125) (layer B.Fab) (width 0.1))
    (fp_line (start 0.8 -0.4125) (end -0.8 -0.4125) (layer B.Fab) (width 0.1))
    (fp_line (start -0.237258 0.5225) (end 0.237258 0.5225) (layer B.SilkS) (width 0.12))
    (fp_line (start -0.237258 -0.5225) (end 0.237258 -0.5225) (layer B.SilkS) (width 0.12))
    (fp_line (start -1.48 -0.73) (end -1.48 0.73) (layer B.CrtYd) (width 0.05))
    (fp_line (start -1.48 0.73) (end 1.48 0.73) (layer B.CrtYd) (width 0.05))
    (fp_line (start 1.48 0.73) (end 1.48 -0.73) (layer B.CrtYd) (width 0.05))
    (fp_line (start 1.48 -0.73) (end -1.48 -0.73) (layer B.CrtYd) (width 0.05))
    (fp_text user %R (at 0 0) (layer B.Fab)
      (effects (font (size 0.4 0.4) (thickness 0.06)) (justify mirror))
    )
    (pad 2 smd roundrect (at 0.825 0) (size 0.8 0.95) (layers B.Cu B.Paste B.Mask) (roundrect_rratio 0.25)
      (net 3 "Net-(C2-Pad1)"))
    (pad 1 smd roundrect (at -0.825 0) (size 0.8 0.95) (layers B.Cu B.Paste B.Mask) (roundrect_rratio 0.25)
      (net 13 "Net-(D2-Pad1)"))
    (model ${KISYS3DMOD}/Resistor_SMD.3dshapes/R_0603_1608Metric.wrl
      (at (xyz 0 0 0))
      (scale (xyz 1 1 1))
      (rotate (xyz 0 0 0))
    )
  )

  (module Resistor_SMD:R_0603_1608Metric (layer B.Cu) (tedit 5F68FEEE) (tstamp 60A09A43)
    (at 92.425 76.4 180)
    (descr "Resistor SMD 0603 (1608 Metric), square (rectangular) end terminal, IPC_7351 nominal, (Body size source: IPC-SM-782 page 72, https://www.pcb-3d.com/wordpress/wp-content/uploads/ipc-sm-782a_amendment_1_and_2.pdf), generated with kicad-footprint-generator")
    (tags resistor)
    (path /6083C3A8/60A12EAD)
    (attr smd)
    (fp_text reference R6 (at 0 1.43) (layer B.SilkS)
      (effects (font (size 1 1) (thickness 0.15)) (justify mirror))
    )
    (fp_text value 10k (at 0 -1.43) (layer B.Fab)
      (effects (font (size 1 1) (thickness 0.15)) (justify mirror))
    )
    (fp_line (start -0.8 -0.4125) (end -0.8 0.4125) (layer B.Fab) (width 0.1))
    (fp_line (start -0.8 0.4125) (end 0.8 0.4125) (layer B.Fab) (width 0.1))
    (fp_line (start 0.8 0.4125) (end 0.8 -0.4125) (layer B.Fab) (width 0.1))
    (fp_line (start 0.8 -0.4125) (end -0.8 -0.4125) (layer B.Fab) (width 0.1))
    (fp_line (start -0.237258 0.5225) (end 0.237258 0.5225) (layer B.SilkS) (width 0.12))
    (fp_line (start -0.237258 -0.5225) (end 0.237258 -0.5225) (layer B.SilkS) (width 0.12))
    (fp_line (start -1.48 -0.73) (end -1.48 0.73) (layer B.CrtYd) (width 0.05))
    (fp_line (start -1.48 0.73) (end 1.48 0.73) (layer B.CrtYd) (width 0.05))
    (fp_line (start 1.48 0.73) (end 1.48 -0.73) (layer B.CrtYd) (width 0.05))
    (fp_line (start 1.48 -0.73) (end -1.48 -0.73) (layer B.CrtYd) (width 0.05))
    (fp_text user %R (at 0 0) (layer B.Fab)
      (effects (font (size 0.4 0.4) (thickness 0.06)) (justify mirror))
    )
    (pad 2 smd roundrect (at 0.825 0 180) (size 0.8 0.95) (layers B.Cu B.Paste B.Mask) (roundrect_rratio 0.25)
      (net 5 /Controller/PoE+))
    (pad 1 smd roundrect (at -0.825 0 180) (size 0.8 0.95) (layers B.Cu B.Paste B.Mask) (roundrect_rratio 0.25)
      (net 7 "Net-(C4-Pad1)"))
    (model ${KISYS3DMOD}/Resistor_SMD.3dshapes/R_0603_1608Metric.wrl
      (at (xyz 0 0 0))
      (scale (xyz 1 1 1))
      (rotate (xyz 0 0 0))
    )
  )

  (module Resistor_SMD:R_0603_1608Metric (layer B.Cu) (tedit 5F68FEEE) (tstamp 60A09A32)
    (at 87.625 78.5 180)
    (descr "Resistor SMD 0603 (1608 Metric), square (rectangular) end terminal, IPC_7351 nominal, (Body size source: IPC-SM-782 page 72, https://www.pcb-3d.com/wordpress/wp-content/uploads/ipc-sm-782a_amendment_1_and_2.pdf), generated with kicad-footprint-generator")
    (tags resistor)
    (path /6083C3A8/60A2372F)
    (attr smd)
    (fp_text reference R5 (at 0 1.43) (layer B.SilkS)
      (effects (font (size 1 1) (thickness 0.15)) (justify mirror))
    )
    (fp_text value 52.3k (at 0 -1.43) (layer B.Fab)
      (effects (font (size 1 1) (thickness 0.15)) (justify mirror))
    )
    (fp_line (start -0.8 -0.4125) (end -0.8 0.4125) (layer B.Fab) (width 0.1))
    (fp_line (start -0.8 0.4125) (end 0.8 0.4125) (layer B.Fab) (width 0.1))
    (fp_line (start 0.8 0.4125) (end 0.8 -0.4125) (layer B.Fab) (width 0.1))
    (fp_line (start 0.8 -0.4125) (end -0.8 -0.4125) (layer B.Fab) (width 0.1))
    (fp_line (start -0.237258 0.5225) (end 0.237258 0.5225) (layer B.SilkS) (width 0.12))
    (fp_line (start -0.237258 -0.5225) (end 0.237258 -0.5225) (layer B.SilkS) (width 0.12))
    (fp_line (start -1.48 -0.73) (end -1.48 0.73) (layer B.CrtYd) (width 0.05))
    (fp_line (start -1.48 0.73) (end 1.48 0.73) (layer B.CrtYd) (width 0.05))
    (fp_line (start 1.48 0.73) (end 1.48 -0.73) (layer B.CrtYd) (width 0.05))
    (fp_line (start 1.48 -0.73) (end -1.48 -0.73) (layer B.CrtYd) (width 0.05))
    (fp_text user %R (at 0 0) (layer B.Fab)
      (effects (font (size 0.4 0.4) (thickness 0.06)) (justify mirror))
    )
    (pad 2 smd roundrect (at 0.825 0 180) (size 0.8 0.95) (layers B.Cu B.Paste B.Mask) (roundrect_rratio 0.25)
      (net 6 /Controller/GNDPWR))
    (pad 1 smd roundrect (at -0.825 0 180) (size 0.8 0.95) (layers B.Cu B.Paste B.Mask) (roundrect_rratio 0.25)
      (net 16 "Net-(R5-Pad1)"))
    (model ${KISYS3DMOD}/Resistor_SMD.3dshapes/R_0603_1608Metric.wrl
      (at (xyz 0 0 0))
      (scale (xyz 1 1 1))
      (rotate (xyz 0 0 0))
    )
  )

  (module Resistor_SMD:R_0603_1608Metric (layer B.Cu) (tedit 5F68FEEE) (tstamp 60A09A21)
    (at 87.575 83)
    (descr "Resistor SMD 0603 (1608 Metric), square (rectangular) end terminal, IPC_7351 nominal, (Body size source: IPC-SM-782 page 72, https://www.pcb-3d.com/wordpress/wp-content/uploads/ipc-sm-782a_amendment_1_and_2.pdf), generated with kicad-footprint-generator")
    (tags resistor)
    (path /6083C3A8/60A0839D)
    (attr smd)
    (fp_text reference R4 (at 0 1.43) (layer B.SilkS)
      (effects (font (size 1 1) (thickness 0.15)) (justify mirror))
    )
    (fp_text value 24.9k (at 0 -1.43) (layer B.Fab)
      (effects (font (size 1 1) (thickness 0.15)) (justify mirror))
    )
    (fp_line (start -0.8 -0.4125) (end -0.8 0.4125) (layer B.Fab) (width 0.1))
    (fp_line (start -0.8 0.4125) (end 0.8 0.4125) (layer B.Fab) (width 0.1))
    (fp_line (start 0.8 0.4125) (end 0.8 -0.4125) (layer B.Fab) (width 0.1))
    (fp_line (start 0.8 -0.4125) (end -0.8 -0.4125) (layer B.Fab) (width 0.1))
    (fp_line (start -0.237258 0.5225) (end 0.237258 0.5225) (layer B.SilkS) (width 0.12))
    (fp_line (start -0.237258 -0.5225) (end 0.237258 -0.5225) (layer B.SilkS) (width 0.12))
    (fp_line (start -1.48 -0.73) (end -1.48 0.73) (layer B.CrtYd) (width 0.05))
    (fp_line (start -1.48 0.73) (end 1.48 0.73) (layer B.CrtYd) (width 0.05))
    (fp_line (start 1.48 0.73) (end 1.48 -0.73) (layer B.CrtYd) (width 0.05))
    (fp_line (start 1.48 -0.73) (end -1.48 -0.73) (layer B.CrtYd) (width 0.05))
    (fp_text user %R (at 0 0) (layer B.Fab)
      (effects (font (size 0.4 0.4) (thickness 0.06)) (justify mirror))
    )
    (pad 2 smd roundrect (at 0.825 0) (size 0.8 0.95) (layers B.Cu B.Paste B.Mask) (roundrect_rratio 0.25)
      (net 15 "Net-(R4-Pad2)"))
    (pad 1 smd roundrect (at -0.825 0) (size 0.8 0.95) (layers B.Cu B.Paste B.Mask) (roundrect_rratio 0.25)
      (net 5 /Controller/PoE+))
    (model ${KISYS3DMOD}/Resistor_SMD.3dshapes/R_0603_1608Metric.wrl
      (at (xyz 0 0 0))
      (scale (xyz 1 1 1))
      (rotate (xyz 0 0 0))
    )
  )

  (module Resistor_SMD:R_0603_1608Metric (layer B.Cu) (tedit 5F68FEEE) (tstamp 60A09A10)
    (at 94.3 85.8)
    (descr "Resistor SMD 0603 (1608 Metric), square (rectangular) end terminal, IPC_7351 nominal, (Body size source: IPC-SM-782 page 72, https://www.pcb-3d.com/wordpress/wp-content/uploads/ipc-sm-782a_amendment_1_and_2.pdf), generated with kicad-footprint-generator")
    (tags resistor)
    (path /6083C3A8/60A08FA6)
    (attr smd)
    (fp_text reference R3 (at 0 1.43) (layer B.SilkS)
      (effects (font (size 1 1) (thickness 0.15)) (justify mirror))
    )
    (fp_text value 41.2R (at 0 -1.43) (layer B.Fab)
      (effects (font (size 1 1) (thickness 0.15)) (justify mirror))
    )
    (fp_line (start -0.8 -0.4125) (end -0.8 0.4125) (layer B.Fab) (width 0.1))
    (fp_line (start -0.8 0.4125) (end 0.8 0.4125) (layer B.Fab) (width 0.1))
    (fp_line (start 0.8 0.4125) (end 0.8 -0.4125) (layer B.Fab) (width 0.1))
    (fp_line (start 0.8 -0.4125) (end -0.8 -0.4125) (layer B.Fab) (width 0.1))
    (fp_line (start -0.237258 0.5225) (end 0.237258 0.5225) (layer B.SilkS) (width 0.12))
    (fp_line (start -0.237258 -0.5225) (end 0.237258 -0.5225) (layer B.SilkS) (width 0.12))
    (fp_line (start -1.48 -0.73) (end -1.48 0.73) (layer B.CrtYd) (width 0.05))
    (fp_line (start -1.48 0.73) (end 1.48 0.73) (layer B.CrtYd) (width 0.05))
    (fp_line (start 1.48 0.73) (end 1.48 -0.73) (layer B.CrtYd) (width 0.05))
    (fp_line (start 1.48 -0.73) (end -1.48 -0.73) (layer B.CrtYd) (width 0.05))
    (fp_text user %R (at 0 0) (layer B.Fab)
      (effects (font (size 0.4 0.4) (thickness 0.06)) (justify mirror))
    )
    (pad 2 smd roundrect (at 0.825 0) (size 0.8 0.95) (layers B.Cu B.Paste B.Mask) (roundrect_rratio 0.25)
      (net 4 /Controller/PoE-))
    (pad 1 smd roundrect (at -0.825 0) (size 0.8 0.95) (layers B.Cu B.Paste B.Mask) (roundrect_rratio 0.25)
      (net 2 "Net-(R3-Pad1)"))
    (model ${KISYS3DMOD}/Resistor_SMD.3dshapes/R_0603_1608Metric.wrl
      (at (xyz 0 0 0))
      (scale (xyz 1 1 1))
      (rotate (xyz 0 0 0))
    )
  )

  (module Resistor_SMD:R_0603_1608Metric (layer B.Cu) (tedit 5F68FEEE) (tstamp 60A099FF)
    (at 87.6 80)
    (descr "Resistor SMD 0603 (1608 Metric), square (rectangular) end terminal, IPC_7351 nominal, (Body size source: IPC-SM-782 page 72, https://www.pcb-3d.com/wordpress/wp-content/uploads/ipc-sm-782a_amendment_1_and_2.pdf), generated with kicad-footprint-generator")
    (tags resistor)
    (path /6083C3A8/60A2D79D)
    (attr smd)
    (fp_text reference R2 (at 0 1.43) (layer B.SilkS)
      (effects (font (size 1 1) (thickness 0.15)) (justify mirror))
    )
    (fp_text value ? (at 0 -1.43) (layer B.Fab)
      (effects (font (size 1 1) (thickness 0.15)) (justify mirror))
    )
    (fp_line (start -0.8 -0.4125) (end -0.8 0.4125) (layer B.Fab) (width 0.1))
    (fp_line (start -0.8 0.4125) (end 0.8 0.4125) (layer B.Fab) (width 0.1))
    (fp_line (start 0.8 0.4125) (end 0.8 -0.4125) (layer B.Fab) (width 0.1))
    (fp_line (start 0.8 -0.4125) (end -0.8 -0.4125) (layer B.Fab) (width 0.1))
    (fp_line (start -0.237258 0.5225) (end 0.237258 0.5225) (layer B.SilkS) (width 0.12))
    (fp_line (start -0.237258 -0.5225) (end 0.237258 -0.5225) (layer B.SilkS) (width 0.12))
    (fp_line (start -1.48 -0.73) (end -1.48 0.73) (layer B.CrtYd) (width 0.05))
    (fp_line (start -1.48 0.73) (end 1.48 0.73) (layer B.CrtYd) (width 0.05))
    (fp_line (start 1.48 0.73) (end 1.48 -0.73) (layer B.CrtYd) (width 0.05))
    (fp_line (start 1.48 -0.73) (end -1.48 -0.73) (layer B.CrtYd) (width 0.05))
    (fp_text user %R (at 0 0) (layer B.Fab)
      (effects (font (size 0.4 0.4) (thickness 0.06)) (justify mirror))
    )
    (pad 2 smd roundrect (at 0.825 0) (size 0.8 0.95) (layers B.Cu B.Paste B.Mask) (roundrect_rratio 0.25)
      (net 14 "Net-(R1-Pad2)"))
    (pad 1 smd roundrect (at -0.825 0) (size 0.8 0.95) (layers B.Cu B.Paste B.Mask) (roundrect_rratio 0.25)
      (net 6 /Controller/GNDPWR))
    (model ${KISYS3DMOD}/Resistor_SMD.3dshapes/R_0603_1608Metric.wrl
      (at (xyz 0 0 0))
      (scale (xyz 1 1 1))
      (rotate (xyz 0 0 0))
    )
  )

  (module Resistor_SMD:R_0603_1608Metric (layer B.Cu) (tedit 5F68FEEE) (tstamp 60A099EE)
    (at 87.6 81.5)
    (descr "Resistor SMD 0603 (1608 Metric), square (rectangular) end terminal, IPC_7351 nominal, (Body size source: IPC-SM-782 page 72, https://www.pcb-3d.com/wordpress/wp-content/uploads/ipc-sm-782a_amendment_1_and_2.pdf), generated with kicad-footprint-generator")
    (tags resistor)
    (path /6083C3A8/60A2D39D)
    (attr smd)
    (fp_text reference R1 (at 0 1.43) (layer B.SilkS)
      (effects (font (size 1 1) (thickness 0.15)) (justify mirror))
    )
    (fp_text value ? (at 0 -1.43) (layer B.Fab)
      (effects (font (size 1 1) (thickness 0.15)) (justify mirror))
    )
    (fp_line (start -0.8 -0.4125) (end -0.8 0.4125) (layer B.Fab) (width 0.1))
    (fp_line (start -0.8 0.4125) (end 0.8 0.4125) (layer B.Fab) (width 0.1))
    (fp_line (start 0.8 0.4125) (end 0.8 -0.4125) (layer B.Fab) (width 0.1))
    (fp_line (start 0.8 -0.4125) (end -0.8 -0.4125) (layer B.Fab) (width 0.1))
    (fp_line (start -0.237258 0.5225) (end 0.237258 0.5225) (layer B.SilkS) (width 0.12))
    (fp_line (start -0.237258 -0.5225) (end 0.237258 -0.5225) (layer B.SilkS) (width 0.12))
    (fp_line (start -1.48 -0.73) (end -1.48 0.73) (layer B.CrtYd) (width 0.05))
    (fp_line (start -1.48 0.73) (end 1.48 0.73) (layer B.CrtYd) (width 0.05))
    (fp_line (start 1.48 0.73) (end 1.48 -0.73) (layer B.CrtYd) (width 0.05))
    (fp_line (start 1.48 -0.73) (end -1.48 -0.73) (layer B.CrtYd) (width 0.05))
    (fp_text user %R (at 0 0) (layer B.Fab)
      (effects (font (size 0.4 0.4) (thickness 0.06)) (justify mirror))
    )
    (pad 2 smd roundrect (at 0.825 0) (size 0.8 0.95) (layers B.Cu B.Paste B.Mask) (roundrect_rratio 0.25)
      (net 14 "Net-(R1-Pad2)"))
    (pad 1 smd roundrect (at -0.825 0) (size 0.8 0.95) (layers B.Cu B.Paste B.Mask) (roundrect_rratio 0.25)
      (net 12 "Net-(D2-Pad2)"))
    (model ${KISYS3DMOD}/Resistor_SMD.3dshapes/R_0603_1608Metric.wrl
      (at (xyz 0 0 0))
      (scale (xyz 1 1 1))
      (rotate (xyz 0 0 0))
    )
  )

  (module on_edge:on_edge_2x05_host (layer F.Cu) (tedit 607DF692) (tstamp 60A099DD)
    (at 114 80.5 270)
    (path /609E43DF)
    (attr virtual)
    (fp_text reference J2 (at 0.05 -3.2 180 unlocked) (layer F.Fab)
      (effects (font (size 0.5 0.5) (thickness 0.125)))
    )
    (fp_text value 003_power (at -1.2 -2 90) (layer F.Fab)
      (effects (font (size 1 1) (thickness 0.15)))
    )
    (fp_line (start 5 -0.5) (end 5 5) (layer B.CrtYd) (width 0.05))
    (fp_line (start -5 -0.5) (end 5 -0.5) (layer B.CrtYd) (width 0.05))
    (fp_line (start -5 5) (end -5 -0.5) (layer B.CrtYd) (width 0.05))
    (fp_line (start 5 5) (end -5 5) (layer B.CrtYd) (width 0.05))
    (fp_line (start -5 -0.5) (end -5 5) (layer F.CrtYd) (width 0.05))
    (fp_line (start 5 -0.5) (end -5 -0.5) (layer F.CrtYd) (width 0.05))
    (fp_line (start 5 5) (end 5 -0.5) (layer F.CrtYd) (width 0.05))
    (fp_line (start -5 5) (end 5 5) (layer F.CrtYd) (width 0.05))
    (fp_line (start 0 0) (end 4 0) (layer Edge.Cuts) (width 0.05))
    (fp_line (start -4 0) (end -2 0) (layer Edge.Cuts) (width 0.05))
    (fp_line (start -0.5 2.6) (end -0.5 0.5) (layer Edge.Cuts) (width 0.05))
    (fp_line (start -1.5 0.5) (end -1.5 2.6) (layer Edge.Cuts) (width 0.05))
    (fp_line (start -1 3.323) (end -1.2 3.523) (layer F.SilkS) (width 0.153))
    (fp_line (start -0.8 3.523) (end -1 3.323) (layer F.SilkS) (width 0.153))
    (fp_line (start -1 4.05) (end -1 3.323) (layer F.SilkS) (width 0.153))
    (fp_arc (start 0 0.5) (end 0 0) (angle -90) (layer Edge.Cuts) (width 0.05))
    (fp_arc (start -2 0.5) (end -1.5 0.5) (angle -90) (layer Edge.Cuts) (width 0.05))
    (fp_arc (start -1 2.6) (end -1.5 2.6) (angle -180) (layer Edge.Cuts) (width 0.05))
    (pad 2 smd custom (at -2 3.6 270) (size 1 1) (layers F.Cu F.Mask)
      (net 1 GND) (zone_connect 0)
      (options (clearance outline) (anchor rect))
      (primitives
        (gr_poly (pts
           (xy 0.3 -0.99) (xy 0.31 -0.88) (xy 0.33 -0.8) (xy 0.35 -0.74) (xy 0.37 -0.69)
           (xy 0.4 -0.64) (xy 0.44 -0.58) (xy 0.48 -0.53) (xy 0.5 -0.51) (xy 0.5 0.5)
           (xy -0.5 0.5) (xy -0.5 -3.2) (xy 0.3 -3.2)) (width 0))
      ))
    (pad 3 smd custom (at 0 3.6 270) (size 1 1) (layers F.Cu F.Mask)
      (net 1 GND) (zone_connect 0)
      (options (clearance outline) (anchor rect))
      (primitives
        (gr_poly (pts
           (xy -0.3 -0.99) (xy -0.31 -0.88) (xy -0.33 -0.8) (xy -0.35 -0.74) (xy -0.37 -0.69)
           (xy -0.4 -0.64) (xy -0.44 -0.58) (xy -0.48 -0.53) (xy -0.5 -0.51) (xy -0.5 0.5)
           (xy 0.5 0.5) (xy 0.5 -3) (xy -0.3 -3)) (width 0))
      ))
    (pad 8 smd custom (at 0 2.1 90) (size 0.4 0.4) (layers B.Cu B.Mask)
      (zone_connect 0)
      (options (clearance outline) (anchor rect))
      (primitives
        (gr_poly (pts
           (xy 0.3 -0.51) (xy 0.31 -0.62) (xy 0.33 -0.7) (xy 0.35 -0.76) (xy 0.37 -0.81)
           (xy 0.4 -0.86) (xy 0.44 -0.92) (xy 0.48 -0.97) (xy 0.5 -0.99) (xy 0.5 -1.9)
           (xy -0.5 -2) (xy -0.5 1.5) (xy 0.3 1.5)) (width 0))
      ))
    (pad 7 smd custom (at -2 2.1 90) (size 0.4 0.4) (layers B.Cu B.Mask)
      (zone_connect 0)
      (options (clearance outline) (anchor rect))
      (primitives
        (gr_poly (pts
           (xy -0.3 -0.51) (xy -0.31 -0.62) (xy -0.33 -0.7) (xy -0.35 -0.76) (xy -0.37 -0.81)
           (xy -0.4 -0.86) (xy -0.44 -0.92) (xy -0.48 -0.97) (xy -0.5 -0.99) (xy -0.5 -1.9)
           (xy 0.5 -2) (xy 0.5 1.5) (xy -0.3 1.5)) (width 0))
      ))
    (pad 4 smd rect (at 2 2.35 270) (size 1 3.5) (layers F.Cu F.Mask)
      (net 1 GND) (zone_connect 0))
    (pad 10 smd custom (at 4 2.5 90) (size 1 3.8) (layers B.Cu B.Mask)
      (net 10 /Controller/5V) (zone_connect 0)
      (options (clearance outline) (anchor rect))
      (primitives
        (gr_poly (pts
           (xy 0.5 -1.9) (xy -0.5 -2) (xy -0.5 -1.9)) (width 0))
      ))
    (pad 9 smd custom (at 2 2.4 90) (size 1 3.6) (layers B.Cu B.Mask)
      (zone_connect 0)
      (options (clearance outline) (anchor rect))
      (primitives
        (gr_poly (pts
           (xy 0.5 -1.8) (xy -0.5 -1.9) (xy -0.5 -1.8)) (width 0))
      ))
    (pad 6 smd custom (at -4 2.4 90) (size 1 3.6) (layers B.Cu B.Mask)
