(kicad_pcb (version 20171130) (host pcbnew "(5.1.5)-3")

  (general
    (thickness 1.6)
    (drawings 14)
    (tracks 149)
    (zones 0)
    (modules 14)
    (nets 12)
  )

  (page A4)
  (layers
    (0 F.Cu signal)
    (1 In1.Cu signal)
    (2 In2.Cu signal)
    (31 B.Cu signal)
    (32 B.Adhes user)
    (33 F.Adhes user)
    (34 B.Paste user)
    (35 F.Paste user)
    (36 B.SilkS user)
    (37 F.SilkS user)
    (38 B.Mask user)
    (39 F.Mask user)
    (40 Dwgs.User user)
    (41 Cmts.User user)
    (42 Eco1.User user)
    (43 Eco2.User user)
    (44 Edge.Cuts user)
    (45 Margin user)
    (46 B.CrtYd user)
    (47 F.CrtYd user)
    (48 B.Fab user)
    (49 F.Fab user)
  )

  (setup
    (last_trace_width 0.5)
    (user_trace_width 0.2)
    (user_trace_width 0.5)
    (trace_clearance 0.1)
    (zone_clearance 0.508)
    (zone_45_only no)
    (trace_min 0.1)
    (via_size 0.45)
    (via_drill 0.2)
    (via_min_size 0.4)
    (via_min_drill 0.2)
    (uvia_size 0.3)
    (uvia_drill 0.1)
    (uvias_allowed no)
    (uvia_min_size 0.2)
    (uvia_min_drill 0.1)
    (edge_width 0.05)
    (segment_width 0.2)
    (pcb_text_width 0.3)
    (pcb_text_size 1.5 1.5)
    (mod_edge_width 0.12)
    (mod_text_size 1 1)
    (mod_text_width 0.15)
    (pad_size 1.524 1.524)
    (pad_drill 0.762)
    (pad_to_mask_clearance 0.051)
    (solder_mask_min_width 0.25)
    (aux_axis_origin 0 0)
    (visible_elements 7FFFFFFF)
    (pcbplotparams
      (layerselection 0x010fc_ffffffff)
      (usegerberextensions false)
      (usegerberattributes false)
      (usegerberadvancedattributes false)
      (creategerberjobfile false)
      (excludeedgelayer true)
      (linewidth 0.100000)
      (plotframeref false)
      (viasonmask false)
      (mode 1)
      (useauxorigin false)
      (hpglpennumber 1)
      (hpglpenspeed 20)
      (hpglpendiameter 15.000000)
      (psnegative false)
      (psa4output false)
      (plotreference true)
      (plotvalue true)
      (plotinvisibletext false)
      (padsonsilk false)
      (subtractmaskfromsilk false)
      (outputformat 1)
      (mirror false)
      (drillshape 1)
      (scaleselection 1)
      (outputdirectory ""))
  )

  (net 0 "")
  (net 1 GND)
  (net 2 "Net-(C1-Pad1)")
  (net 3 +3V3)
  (net 4 /Sheet603703E3/DM)
  (net 5 /Sheet603703E3/DP)
  (net 6 +5V)
  (net 7 "Net-(R1-Pad2)")
  (net 8 "Net-(R2-Pad2)")
  (net 9 /Sheet603703E3/SDA)
  (net 10 /Sheet603703E3/SCL)
  (net 11 /Sheet603703E3/CS)

  (net_class Default "This is the default net class."
    (clearance 0.1)
    (trace_width 0.1)
    (via_dia 0.45)
    (via_drill 0.2)
    (uvia_dia 0.3)
    (uvia_drill 0.1)
    (add_net +3V3)
    (add_net +5V)
    (add_net /Sheet603703E3/CS)
    (add_net /Sheet603703E3/DM)
    (add_net /Sheet603703E3/DP)
    (add_net /Sheet603703E3/SCL)
    (add_net /Sheet603703E3/SDA)
    (add_net GND)
    (add_net "Net-(C1-Pad1)")
    (add_net "Net-(R1-Pad2)")
    (add_net "Net-(R2-Pad2)")
    (add_net "Net-(U1-Pad1)")
    (add_net "Net-(U1-Pad14)")
    (add_net "Net-(U1-Pad16)")
    (add_net "Net-(U1-Pad6)")
    (add_net "Net-(U1-Pad7)")
  )

  (module on_edge:on_edge_2x05_device (layer F.Cu) (tedit 60205501) (tstamp 603AA6C8)
    (at 151 106.5 90)
    (path /603BF1BF)
    (attr virtual)
    (fp_text reference J2 (at 0 1.2 90 unlocked) (layer F.Fab)
      (effects (font (size 0.5 0.5) (thickness 0.05)))
    )
    (fp_text value 001_I2C_2x5 (at 0 2 90 unlocked) (layer F.Fab)
      (effects (font (size 0.5 0.5) (thickness 0.05)))
    )
    (fp_arc (start -2 -0.5) (end -2 0) (angle -90) (layer Edge.Cuts) (width 0.05))
    (fp_arc (start 0 -0.5) (end -0.5 -0.5) (angle -90) (layer Edge.Cuts) (width 0.05))
    (fp_arc (start -1 -2.6) (end -0.5 -2.6) (angle -180) (layer Edge.Cuts) (width 0.05))
    (fp_line (start -0.4 -5.4) (end -0.35 -5.4) (layer F.Cu) (width 0.15))
    (fp_line (start -0.5 -5.4) (end -0.35 -5.4) (layer F.Mask) (width 0.15))
    (fp_poly (pts (xy -0.5 -5.325) (xy -0.5 -5.475) (xy -0.375 -5.475) (xy -0.375 -5.325)) (layer F.Cu) (width 0))
    (fp_line (start -0.4 -5.05) (end -0.35 -5.05) (layer F.Cu) (width 0.15))
    (fp_line (start -0.5 -5.05) (end -0.35 -5.05) (layer F.Mask) (width 0.15))
    (fp_poly (pts (xy -0.5 -4.975) (xy -0.5 -5.125) (xy -0.375 -5.125) (xy -0.375 -4.975)) (layer F.Cu) (width 0))
    (fp_line (start -0.5 -4.7) (end -0.35 -4.7) (layer F.Mask) (width 0.15))
    (fp_line (start -0.4 -4.7) (end -0.35 -4.7) (layer F.Cu) (width 0.15))
    (fp_poly (pts (xy -0.5 -4.625) (xy -0.5 -4.775) (xy -0.375 -4.775) (xy -0.375 -4.625)) (layer F.Cu) (width 0))
    (fp_line (start -0.65 -4.45) (end -0.65 -4.4) (layer F.Cu) (width 0.15))
    (fp_line (start -0.65 -4.55) (end -0.65 -4.4) (layer F.Mask) (width 0.15))
    (fp_poly (pts (xy -0.725 -4.55) (xy -0.575 -4.55) (xy -0.575 -4.425) (xy -0.725 -4.425)) (layer F.Cu) (width 0))
    (fp_line (start -1 -4.45) (end -1 -4.4) (layer F.Cu) (width 0.15))
    (fp_line (start -1 -4.55) (end -1 -4.4) (layer F.Mask) (width 0.15))
    (fp_poly (pts (xy -1.075 -4.55) (xy -0.925 -4.55) (xy -0.925 -4.425) (xy -1.075 -4.425)) (layer F.Cu) (width 0))
    (fp_line (start -1.35 -4.55) (end -1.35 -4.4) (layer F.Mask) (width 0.15))
    (fp_line (start -1.35 -4.45) (end -1.35 -4.4) (layer F.Cu) (width 0.15))
    (fp_poly (pts (xy -1.425 -4.55) (xy -1.275 -4.55) (xy -1.275 -4.425) (xy -1.425 -4.425)) (layer F.Cu) (width 0))
    (fp_poly (pts (xy -1.5 -4.775) (xy -1.5 -4.625) (xy -1.625 -4.625) (xy -1.625 -4.775)) (layer F.Cu) (width 0))
    (fp_line (start -1.6 -5.05) (end -1.65 -5.05) (layer F.Cu) (width 0.15))
    (fp_line (start -1.5 -5.05) (end -1.65 -5.05) (layer F.Mask) (width 0.15))
    (fp_poly (pts (xy -1.5 -5.125) (xy -1.5 -4.975) (xy -1.625 -4.975) (xy -1.625 -5.125)) (layer F.Cu) (width 0))
    (fp_line (start -1.5 -5.4) (end -1.65 -5.4) (layer F.Mask) (width 0.15))
    (fp_line (start -1.6 -5.4) (end -1.65 -5.4) (layer F.Cu) (width 0.15))
    (fp_poly (pts (xy -1.5 -5.475) (xy -1.5 -5.325) (xy -1.625 -5.325) (xy -1.625 -5.475)) (layer F.Cu) (width 0))
    (fp_line (start -1.5 -4.7) (end -1.65 -4.7) (layer F.Mask) (width 0.15))
    (fp_line (start -1.6 -4.7) (end -1.65 -4.7) (layer F.Cu) (width 0.15))
    (fp_line (start -1.5 -2.6) (end -1.5 -0.5) (layer Edge.Cuts) (width 0.05))
    (fp_line (start -0.5 -0.5) (end -0.5 -2.6) (layer Edge.Cuts) (width 0.05))
    (fp_line (start -1.2 -3.85) (end -1 -4.05) (layer F.SilkS) (width 0.153))
    (fp_line (start -1 -4.05) (end -0.8 -3.85) (layer F.SilkS) (width 0.153))
    (fp_line (start -1 -4.05) (end -1 -3.323) (layer F.SilkS) (width 0.153))
    (fp_line (start -4 0) (end -2 0) (layer Edge.Cuts) (width 0.05))
    (fp_line (start 0 0) (end 4 0) (layer Edge.Cuts) (width 0.05))
    (fp_line (start -5 -5) (end 5 -5) (layer F.CrtYd) (width 0.05))
    (fp_line (start 5 -5) (end 5 0.5) (layer F.CrtYd) (width 0.05))
    (fp_line (start 5 0.5) (end -5 0.5) (layer F.CrtYd) (width 0.05))
    (fp_line (start -5 0.5) (end -5 -5) (layer F.CrtYd) (width 0.05))
    (fp_line (start 5 -5) (end -5 -5) (layer B.CrtYd) (width 0.05))
    (fp_line (start -5 -5) (end -5 0.5) (layer B.CrtYd) (width 0.05))
    (fp_line (start -5 0.5) (end 5 0.5) (layer B.CrtYd) (width 0.05))
    (fp_line (start 5 0.5) (end 5 -5) (layer B.CrtYd) (width 0.05))
    (fp_poly (pts (xy -0.55 -4.6) (xy -1.45 -4.6) (xy -1.45 -5.5) (xy -0.55 -5.5)) (layer F.Mask) (width 0.1))
    (fp_line (start -1.35 -5.65) (end -1.35 -5.7) (layer F.Cu) (width 0.15))
    (fp_line (start -1.35 -5.55) (end -1.35 -5.7) (layer F.Mask) (width 0.15))
    (fp_poly (pts (xy -1.275 -5.55) (xy -1.425 -5.55) (xy -1.425 -5.675) (xy -1.275 -5.675)) (layer F.Cu) (width 0))
    (fp_poly (pts (xy -0.925 -5.55) (xy -1.075 -5.55) (xy -1.075 -5.675) (xy -0.925 -5.675)) (layer F.Cu) (width 0))
    (fp_line (start -1 -5.65) (end -1 -5.7) (layer F.Cu) (width 0.15))
    (fp_line (start -1 -5.55) (end -1 -5.7) (layer F.Mask) (width 0.15))
    (fp_poly (pts (xy -0.575 -5.55) (xy -0.725 -5.55) (xy -0.725 -5.675) (xy -0.575 -5.675)) (layer F.Cu) (width 0))
    (fp_line (start -0.65 -5.65) (end -0.65 -5.7) (layer F.Cu) (width 0.15))
    (fp_line (start -0.65 -5.55) (end -0.65 -5.7) (layer F.Mask) (width 0.15))
    (pad 1 smd custom (at -2 -3.6 90) (size 1 1) (layers F.Cu F.Mask)
      (net 1 GND) (zone_connect 0)
      (options (clearance outline) (anchor rect))
      (primitives
        (gr_poly (pts
           (xy 0.3 1) (xy 0.31 0.89) (xy 0.33 0.81) (xy 0.35 0.75) (xy 0.37 0.7)
           (xy 0.4 0.65) (xy 0.44 0.59) (xy 0.48 0.54) (xy 0.5 0.52) (xy 0.5 -0.5)
           (xy -0.5 -0.5) (xy -0.5 3.2) (xy 0.3 3.2)) (width 0))
      ))
    (pad 2 smd custom (at 0 -3.6 90) (size 1 1) (layers F.Cu F.Mask)
      (net 11 /Sheet603703E3/CS) (zone_connect 0)
      (options (clearance outline) (anchor rect))
      (primitives
        (gr_poly (pts
           (xy -0.3 1) (xy -0.31 0.89) (xy -0.33 0.81) (xy -0.35 0.75) (xy -0.37 0.7)
           (xy -0.4 0.65) (xy -0.44 0.59) (xy -0.48 0.54) (xy -0.5 0.52) (xy -0.5 -0.5)
           (xy 0.5 -0.5) (xy 0.5 3) (xy -0.3 3)) (width 0))
      ))
    (pad 4 smd custom (at 0 -2.1 90) (size 0.4 0.4) (layers B.Cu B.Mask)
      (net 9 /Sheet603703E3/SDA) (zone_connect 0)
      (options (clearance outline) (anchor rect))
      (primitives
        (gr_poly (pts
           (xy -0.3 -0.51) (xy -0.31 -0.62) (xy -0.33 -0.7) (xy -0.35 -0.76) (xy -0.37 -0.81)
           (xy -0.4 -0.86) (xy -0.44 -0.92) (xy -0.48 -0.97) (xy -0.5 -0.99) (xy -0.5 -2.4)
           (xy 0.5 -2.3) (xy 0.5 1.5) (xy -0.3 1.5)) (width 0))
      ))
    (pad 3 smd custom (at -2 -2.1 90) (size 0.4 0.4) (layers B.Cu B.Mask)
      (net 10 /Sheet603703E3/SCL) (zone_connect 0)
      (options (clearance outline) (anchor rect))
      (primitives
        (gr_poly (pts
           (xy 0.3 -0.51) (xy 0.31 -0.62) (xy 0.33 -0.7) (xy 0.35 -0.76) (xy 0.37 -0.81)
           (xy 0.4 -0.86) (xy 0.44 -0.92) (xy 0.48 -0.97) (xy 0.5 -0.99) (xy 0.5 -2.4)
           (xy -0.5 -2.3) (xy -0.5 1.5) (xy 0.3 1.5)) (width 0))
      ))
    (pad 10 smd custom (at 4 -2.3 90) (size 1 3.4) (layers B.Cu B.Mask)
      (net 6 +5V) (zone_connect 0)
      (options (clearance outline) (anchor rect))
      (primitives
        (gr_poly (pts
           (xy -0.5 -1.7) (xy -0.5 -1.8) (xy 0.5 -1.7)) (width 0))
      ))
    (pad 6 smd custom (at 2 -2.4 90) (size 1 3.6) (layers B.Cu B.Mask)
      (zone_connect 0)
      (options (clearance outline) (anchor rect))
      (primitives
        (gr_poly (pts
           (xy -0.5 -1.8) (xy -0.5 -1.9) (xy 0.5 -1.8)) (width 0))
      ))
    (pad 8 smd custom (at -4 -2.4 90) (size 1 3.6) (layers B.Cu B.Mask)
      (zone_connect 0)
      (options (clearance outline) (anchor rect))
      (primitives
        (gr_poly (pts
           (xy 0.5 -1.8) (xy 0.5 -1.9) (xy -0.5 -1.8)) (width 0))
      ))
    (pad 9 smd rect (at 4 -2.35 270) (size 1 3.5) (layers F.Cu F.Mask)
      (net 3 +3V3) (zone_connect 0))
    (pad 7 smd rect (at -4 -2.35 270) (size 1 3.5) (layers F.Cu F.Mask)
      (zone_connect 0))
    (pad 5 smd rect (at 2 -2.35 270) (size 1 3.5) (layers F.Cu F.Mask)
      (zone_connect 0))
  )

  (module Package_SO:SSOP-16_3.9x4.9mm_P0.635mm (layer F.Cu) (tedit 5A02F25C) (tstamp 603A9FDC)
    (at 140.6 106.5 270)
    (descr "SSOP16: plastic shrink small outline package; 16 leads; body width 3.9 mm; lead pitch 0.635; (see NXP SSOP-TSSOP-VSO-REFLOW.pdf and sot519-1_po.pdf)")
    (tags "SSOP 0.635")
    (path /603703E4/603AE2AF)
    (attr smd)
    (fp_text reference U1 (at 0 -3.5 90) (layer F.SilkS)
      (effects (font (size 1 1) (thickness 0.15)))
    )
    (fp_text value FT201XS (at 0 3.5 90) (layer F.Fab)
      (effects (font (size 1 1) (thickness 0.15)))
    )
    (fp_text user %R (at 0 0 90) (layer F.Fab)
      (effects (font (size 0.8 0.8) (thickness 0.15)))
    )
    (fp_line (start -3.275 -2.725) (end 2 -2.725) (layer F.SilkS) (width 0.15))
    (fp_line (start -2 2.675) (end 2 2.675) (layer F.SilkS) (width 0.15))
    (fp_line (start -3.45 2.8) (end 3.45 2.8) (layer F.CrtYd) (width 0.05))
    (fp_line (start -3.45 -2.85) (end 3.45 -2.85) (layer F.CrtYd) (width 0.05))
    (fp_line (start 3.45 -2.85) (end 3.45 2.8) (layer F.CrtYd) (width 0.05))
    (fp_line (start -3.45 -2.85) (end -3.45 2.8) (layer F.CrtYd) (width 0.05))
    (fp_line (start -1.95 -1.45) (end -0.95 -2.45) (layer F.Fab) (width 0.15))
    (fp_line (start -1.95 2.45) (end -1.95 -1.45) (layer F.Fab) (width 0.15))
    (fp_line (start 1.95 2.45) (end -1.95 2.45) (layer F.Fab) (width 0.15))
    (fp_line (start 1.95 -2.45) (end 1.95 2.45) (layer F.Fab) (width 0.15))
    (fp_line (start -0.95 -2.45) (end 1.95 -2.45) (layer F.Fab) (width 0.15))
    (pad 16 smd rect (at 2.6 -2.2225 270) (size 1.2 0.4) (layers F.Cu F.Paste F.Mask))
    (pad 15 smd rect (at 2.6 -1.5875 270) (size 1.2 0.4) (layers F.Cu F.Paste F.Mask)
      (net 11 /Sheet603703E3/CS))
    (pad 14 smd rect (at 2.6 -0.9525 270) (size 1.2 0.4) (layers F.Cu F.Paste F.Mask))
    (pad 13 smd rect (at 2.6 -0.3175 270) (size 1.2 0.4) (layers F.Cu F.Paste F.Mask)
      (net 1 GND))
    (pad 12 smd rect (at 2.6 0.3175 270) (size 1.2 0.4) (layers F.Cu F.Paste F.Mask)
      (net 6 +5V))
    (pad 11 smd rect (at 2.6 0.9525 270) (size 1.2 0.4) (layers F.Cu F.Paste F.Mask)
      (net 2 "Net-(C1-Pad1)"))
    (pad 10 smd rect (at 2.6 1.5875 270) (size 1.2 0.4) (layers F.Cu F.Paste F.Mask)
      (net 3 +3V3))
    (pad 9 smd rect (at 2.6 2.2225 270) (size 1.2 0.4) (layers F.Cu F.Paste F.Mask)
      (net 7 "Net-(R1-Pad2)"))
    (pad 8 smd rect (at -2.6 2.2225 270) (size 1.2 0.4) (layers F.Cu F.Paste F.Mask)
      (net 8 "Net-(R2-Pad2)"))
    (pad 7 smd rect (at -2.6 1.5875 270) (size 1.2 0.4) (layers F.Cu F.Paste F.Mask))
    (pad 6 smd rect (at -2.6 0.9525 270) (size 1.2 0.4) (layers F.Cu F.Paste F.Mask))
    (pad 5 smd rect (at -2.6 0.3175 270) (size 1.2 0.4) (layers F.Cu F.Paste F.Mask)
      (net 1 GND))
    (pad 4 smd rect (at -2.6 -0.3175 270) (size 1.2 0.4) (layers F.Cu F.Paste F.Mask)
      (net 9 /Sheet603703E3/SDA))
    (pad 3 smd rect (at -2.6 -0.9525 270) (size 1.2 0.4) (layers F.Cu F.Paste F.Mask)
      (net 3 +3V3))
    (pad 2 smd rect (at -2.6 -1.5875 270) (size 1.2 0.4) (layers F.Cu F.Paste F.Mask)
      (net 10 /Sheet603703E3/SCL))
    (pad 1 smd rect (at -2.6 -2.2225 270) (size 1.2 0.4) (layers F.Cu F.Paste F.Mask))
    (model ${KISYS3DMOD}/Package_SO.3dshapes/SSOP-16_3.9x4.9mm_P0.635mm.wrl
      (at (xyz 0 0 0))
      (scale (xyz 1 1 1))
      (rotate (xyz 0 0 0))
    )
  )

  (module Resistor_SMD:R_0603_1608Metric (layer F.Cu) (tedit 5B301BBD) (tstamp 603A9FBC)
    (at 143.9 101.5 270)
    (descr "Resistor SMD 0603 (1608 Metric), square (rectangular) end terminal, IPC_7351 nominal, (Body size source: http://www.tortai-tech.com/upload/download/2011102023233369053.pdf), generated with kicad-footprint-generator")
    (tags resistor)
    (path /603703E4/603AAFA9)
    (attr smd)
    (fp_text reference R6 (at -0.5 -1.43 90) (layer F.SilkS)
      (effects (font (size 1 1) (thickness 0.15)))
    )
    (fp_text value 1k (at 0 1.43 90) (layer F.Fab)
      (effects (font (size 1 1) (thickness 0.15)))
    )
    (fp_text user %R (at 0 0 90) (layer F.Fab)
      (effects (font (size 0.4 0.4) (thickness 0.06)))
    )
    (fp_line (start 1.48 0.73) (end -1.48 0.73) (layer F.CrtYd) (width 0.05))
    (fp_line (start 1.48 -0.73) (end 1.48 0.73) (layer F.CrtYd) (width 0.05))
    (fp_line (start -1.48 -0.73) (end 1.48 -0.73) (layer F.CrtYd) (width 0.05))
    (fp_line (start -1.48 0.73) (end -1.48 -0.73) (layer F.CrtYd) (width 0.05))
    (fp_line (start -0.162779 0.51) (end 0.162779 0.51) (layer F.SilkS) (width 0.12))
    (fp_line (start -0.162779 -0.51) (end 0.162779 -0.51) (layer F.SilkS) (width 0.12))
    (fp_line (start 0.8 0.4) (end -0.8 0.4) (layer F.Fab) (width 0.1))
    (fp_line (start 0.8 -0.4) (end 0.8 0.4) (layer F.Fab) (width 0.1))
    (fp_line (start -0.8 -0.4) (end 0.8 -0.4) (layer F.Fab) (width 0.1))
    (fp_line (start -0.8 0.4) (end -0.8 -0.4) (layer F.Fab) (width 0.1))
    (pad 2 smd roundrect (at 0.7875 0 270) (size 0.875 0.95) (layers F.Cu F.Paste F.Mask) (roundrect_rratio 0.25)
      (net 10 /Sheet603703E3/SCL))
    (pad 1 smd roundrect (at -0.7875 0 270) (size 0.875 0.95) (layers F.Cu F.Paste F.Mask) (roundrect_rratio 0.25)
      (net 3 +3V3))
    (model ${KISYS3DMOD}/Resistor_SMD.3dshapes/R_0603_1608Metric.wrl
      (at (xyz 0 0 0))
      (scale (xyz 1 1 1))
      (rotate (xyz 0 0 0))
    )
  )

  (module Resistor_SMD:R_0603_1608Metric (layer F.Cu) (tedit 5B301BBD) (tstamp 603A9FAB)
    (at 140.5 101.5125 270)
    (descr "Resistor SMD 0603 (1608 Metric), square (rectangular) end terminal, IPC_7351 nominal, (Body size source: http://www.tortai-tech.com/upload/download/2011102023233369053.pdf), generated with kicad-footprint-generator")
    (tags resistor)
    (path /603703E4/603AA95A)
    (attr smd)
    (fp_text reference R5 (at -0.0125 -0.1 90) (layer F.SilkS)
      (effects (font (size 1 1) (thickness 0.15)))
    )
    (fp_text value 1k (at 0 1.43 90) (layer F.Fab)
      (effects (font (size 1 1) (thickness 0.15)))
    )
    (fp_text user %R (at 0 0 90) (layer F.Fab)
      (effects (font (size 0.4 0.4) (thickness 0.06)))
    )
    (fp_line (start 1.48 0.73) (end -1.48 0.73) (layer F.CrtYd) (width 0.05))
    (fp_line (start 1.48 -0.73) (end 1.48 0.73) (layer F.CrtYd) (width 0.05))
    (fp_line (start -1.48 -0.73) (end 1.48 -0.73) (layer F.CrtYd) (width 0.05))
    (fp_line (start -1.48 0.73) (end -1.48 -0.73) (layer F.CrtYd) (width 0.05))
    (fp_line (start -0.162779 0.51) (end 0.162779 0.51) (layer F.SilkS) (width 0.12))
    (fp_line (start -0.162779 -0.51) (end 0.162779 -0.51) (layer F.SilkS) (width 0.12))
    (fp_line (start 0.8 0.4) (end -0.8 0.4) (layer F.Fab) (width 0.1))
    (fp_line (start 0.8 -0.4) (end 0.8 0.4) (layer F.Fab) (width 0.1))
    (fp_line (start -0.8 -0.4) (end 0.8 -0.4) (layer F.Fab) (width 0.1))
    (fp_line (start -0.8 0.4) (end -0.8 -0.4) (layer F.Fab) (width 0.1))
    (pad 2 smd roundrect (at 0.7875 0 270) (size 0.875 0.95) (layers F.Cu F.Paste F.Mask) (roundrect_rratio 0.25)
      (net 9 /Sheet603703E3/SDA))
    (pad 1 smd roundrect (at -0.7875 0 270) (size 0.875 0.95) (layers F.Cu F.Paste F.Mask) (roundrect_rratio 0.25)
      (net 3 +3V3))
    (model ${KISYS3DMOD}/Resistor_SMD.3dshapes/R_0603_1608Metric.wrl
      (at (xyz 0 0 0))
      (scale (xyz 1 1 1))
      (rotate (xyz 0 0 0))
    )
  )

  (module Resistor_SMD:R_0603_1608Metric (layer B.Cu) (tedit 5B301BBD) (tstamp 603A9F9A)
    (at 141.6 111.4875 270)
    (descr "Resistor SMD 0603 (1608 Metric), square (rectangular) end terminal, IPC_7351 nominal, (Body size source: http://www.tortai-tech.com/upload/download/2011102023233369053.pdf), generated with kicad-footprint-generator")
    (tags resistor)
    (path /603703E4/603AE913)
    (attr smd)
    (fp_text reference R4 (at 0 1.43 270) (layer B.SilkS)
      (effects (font (size 1 1) (thickness 0.15)) (justify mirror))
    )
    (fp_text value 1k (at 0 -1.43 270) (layer B.Fab)
      (effects (font (size 1 1) (thickness 0.15)) (justify mirror))
    )
    (fp_text user %R (at 0 0 270) (layer B.Fab)
      (effects (font (size 0.4 0.4) (thickness 0.06)) (justify mirror))
    )
    (fp_line (start 1.48 -0.73) (end -1.48 -0.73) (layer B.CrtYd) (width 0.05))
    (fp_line (start 1.48 0.73) (end 1.48 -0.73) (layer B.CrtYd) (width 0.05))
    (fp_line (start -1.48 0.73) (end 1.48 0.73) (layer B.CrtYd) (width 0.05))
    (fp_line (start -1.48 -0.73) (end -1.48 0.73) (layer B.CrtYd) (width 0.05))
    (fp_line (start -0.162779 -0.51) (end 0.162779 -0.51) (layer B.SilkS) (width 0.12))
    (fp_line (start -0.162779 0.51) (end 0.162779 0.51) (layer B.SilkS) (width 0.12))
    (fp_line (start 0.8 -0.4) (end -0.8 -0.4) (layer B.Fab) (width 0.1))
    (fp_line (start 0.8 0.4) (end 0.8 -0.4) (layer B.Fab) (width 0.1))
    (fp_line (start -0.8 0.4) (end 0.8 0.4) (layer B.Fab) (width 0.1))
    (fp_line (start -0.8 -0.4) (end -0.8 0.4) (layer B.Fab) (width 0.1))
    (pad 2 smd roundrect (at 0.7875 0 270) (size 0.875 0.95) (layers B.Cu B.Paste B.Mask) (roundrect_rratio 0.25)
      (net 1 GND))
    (pad 1 smd roundrect (at -0.7875 0 270) (size 0.875 0.95) (layers B.Cu B.Paste B.Mask) (roundrect_rratio 0.25)
      (net 2 "Net-(C1-Pad1)"))
    (model ${KISYS3DMOD}/Resistor_SMD.3dshapes/R_0603_1608Metric.wrl
      (at (xyz 0 0 0))
      (scale (xyz 1 1 1))
      (rotate (xyz 0 0 0))
    )
  )

  (module Resistor_SMD:R_0603_1608Metric (layer B.Cu) (tedit 5B301BBD) (tstamp 603AC3D8)
    (at 140.1 111.4125 90)
    (descr "Resistor SMD 0603 (1608 Metric), square (rectangular) end terminal, IPC_7351 nominal, (Body size source: http://www.tortai-tech.com/upload/download/2011102023233369053.pdf), generated with kicad-footprint-generator")
    (tags resistor)
    (path /603703E4/603AE4FC)
    (attr smd)
    (fp_text reference R3 (at 0.0125 0 270) (layer B.SilkS)
      (effects (font (size 1 1) (thickness 0.15)) (justify mirror))
    )
    (fp_text value 1k (at 0 -1.43 270) (layer B.Fab)
      (effects (font (size 1 1) (thickness 0.15)) (justify mirror))
    )
    (fp_text user %R (at 0 0 270) (layer B.Fab)
      (effects (font (size 0.4 0.4) (thickness 0.06)) (justify mirror))
    )
    (fp_line (start 1.48 -0.73) (end -1.48 -0.73) (layer B.CrtYd) (width 0.05))
    (fp_line (start 1.48 0.73) (end 1.48 -0.73) (layer B.CrtYd) (width 0.05))
    (fp_line (start -1.48 0.73) (end 1.48 0.73) (layer B.CrtYd) (width 0.05))
    (fp_line (start -1.48 -0.73) (end -1.48 0.73) (layer B.CrtYd) (width 0.05))
    (fp_line (start -0.162779 -0.51) (end 0.162779 -0.51) (layer B.SilkS) (width 0.12))
    (fp_line (start -0.162779 0.51) (end 0.162779 0.51) (layer B.SilkS) (width 0.12))
    (fp_line (start 0.8 -0.4) (end -0.8 -0.4) (layer B.Fab) (width 0.1))
    (fp_line (start 0.8 0.4) (end 0.8 -0.4) (layer B.Fab) (width 0.1))
    (fp_line (start -0.8 0.4) (end 0.8 0.4) (layer B.Fab) (width 0.1))
    (fp_line (start -0.8 -0.4) (end -0.8 0.4) (layer B.Fab) (width 0.1))
    (pad 2 smd roundrect (at 0.7875 0 90) (size 0.875 0.95) (layers B.Cu B.Paste B.Mask) (roundrect_rratio 0.25)
      (net 2 "Net-(C1-Pad1)"))
    (pad 1 smd roundrect (at -0.7875 0 90) (size 0.875 0.95) (layers B.Cu B.Paste B.Mask) (roundrect_rratio 0.25)
      (net 6 +5V))
    (model ${KISYS3DMOD}/Resistor_SMD.3dshapes/R_0603_1608Metric.wrl
      (at (xyz 0 0 0))
      (scale (xyz 1 1 1))
      (rotate (xyz 0 0 0))
    )
  )

  (module Resistor_SMD:R_0603_1608Metric (layer B.Cu) (tedit 5B301BBD) (tstamp 603A9F78)
    (at 138.1 104.9)
    (descr "Resistor SMD 0603 (1608 Metric), square (rectangular) end terminal, IPC_7351 nominal, (Body size source: http://www.tortai-tech.com/upload/download/2011102023233369053.pdf), generated with kicad-footprint-generator")
    (tags resistor)
    (path /603703E4/603B78C1)
    (attr smd)
    (fp_text reference R2 (at 0 1.43) (layer B.SilkS)
      (effects (font (size 1 1) (thickness 0.15)) (justify mirror))
    )
    (fp_text value 27R (at 0 -1.43) (layer B.Fab)
      (effects (font (size 1 1) (thickness 0.15)) (justify mirror))
    )
    (fp_text user %R (at 0 0) (layer B.Fab)
      (effects (font (size 0.4 0.4) (thickness 0.06)) (justify mirror))
    )
    (fp_line (start 1.48 -0.73) (end -1.48 -0.73) (layer B.CrtYd) (width 0.05))
    (fp_line (start 1.48 0.73) (end 1.48 -0.73) (layer B.CrtYd) (width 0.05))
    (fp_line (start -1.48 0.73) (end 1.48 0.73) (layer B.CrtYd) (width 0.05))
    (fp_line (start -1.48 -0.73) (end -1.48 0.73) (layer B.CrtYd) (width 0.05))
    (fp_line (start -0.162779 -0.51) (end 0.162779 -0.51) (layer B.SilkS) (width 0.12))
    (fp_line (start -0.162779 0.51) (end 0.162779 0.51) (layer B.SilkS) (width 0.12))
    (fp_line (start 0.8 -0.4) (end -0.8 -0.4) (layer B.Fab) (width 0.1))
    (fp_line (start 0.8 0.4) (end 0.8 -0.4) (layer B.Fab) (width 0.1))
    (fp_line (start -0.8 0.4) (end 0.8 0.4) (layer B.Fab) (width 0.1))
    (fp_line (start -0.8 -0.4) (end -0.8 0.4) (layer B.Fab) (width 0.1))
    (pad 2 smd roundrect (at 0.7875 0) (size 0.875 0.95) (layers B.Cu B.Paste B.Mask) (roundrect_rratio 0.25)
      (net 8 "Net-(R2-Pad2)"))
    (pad 1 smd roundrect (at -0.7875 0) (size 0.875 0.95) (layers B.Cu B.Paste B.Mask) (roundrect_rratio 0.25)
      (net 5 /Sheet603703E3/DP))
    (model ${KISYS3DMOD}/Resistor_SMD.3dshapes/R_0603_1608Metric.wrl
      (at (xyz 0 0 0))
      (scale (xyz 1 1 1))
      (rotate (xyz 0 0 0))
    )
  )

  (module Resistor_SMD:R_0603_1608Metric (layer B.Cu) (tedit 5B301BBD) (tstamp 603A9F67)
    (at 138.1 106.4)
    (descr "Resistor SMD 0603 (1608 Metric), square (rectangular) end terminal, IPC_7351 nominal, (Body size source: http://www.tortai-tech.com/upload/download/2011102023233369053.pdf), generated with kicad-footprint-generator")
    (tags resistor)
    (path /603703E4/603B6FC3)
    (attr smd)
    (fp_text reference R1 (at 0 1.43) (layer B.SilkS)
      (effects (font (size 1 1) (thickness 0.15)) (justify mirror))
    )
    (fp_text value 27R (at 0 -1.43) (layer B.Fab)
      (effects (font (size 1 1) (thickness 0.15)) (justify mirror))
    )
    (fp_text user %R (at 0 0) (layer B.Fab)
      (effects (font (size 0.4 0.4) (thickness 0.06)) (justify mirror))
    )
    (fp_line (start 1.48 -0.73) (end -1.48 -0.73) (layer B.CrtYd) (width 0.05))
    (fp_line (start 1.48 0.73) (end 1.48 -0.73) (layer B.CrtYd) (width 0.05))
    (fp_line (start -1.48 0.73) (end 1.48 0.73) (layer B.CrtYd) (width 0.05))
    (fp_line (start -1.48 -0.73) (end -1.48 0.73) (layer B.CrtYd) (width 0.05))
    (fp_line (start -0.162779 -0.51) (end 0.162779 -0.51) (layer B.SilkS) (width 0.12))
    (fp_line (start -0.162779 0.51) (end 0.162779 0.51) (layer B.SilkS) (width 0.12))
    (fp_line (start 0.8 -0.4) (end -0.8 -0.4) (layer B.Fab) (width 0.1))
    (fp_line (start 0.8 0.4) (end 0.8 -0.4) (layer B.Fab) (width 0.1))
    (fp_line (start -0.8 0.4) (end 0.8 0.4) (layer B.Fab) (width 0.1))
    (fp_line (start -0.8 -0.4) (end -0.8 0.4) (layer B.Fab) (width 0.1))
    (pad 2 smd roundrect (at 0.7875 0) (size 0.875 0.95) (layers B.Cu B.Paste B.Mask) (roundrect_rratio 0.25)
      (net 7 "Net-(R1-Pad2)"))
    (pad 1 smd roundrect (at -0.7875 0) (size 0.875 0.95) (layers B.Cu B.Paste B.Mask) (roundrect_rratio 0.25)
      (net 4 /Sheet603703E3/DM))
    (model ${KISYS3DMOD}/Resistor_SMD.3dshapes/R_0603_1608Metric.wrl
      (at (xyz 0 0 0))
      (scale (xyz 1 1 1))
      (rotate (xyz 0 0 0))
    )
  )

  (module Capacitor_SMD:C_0603_1608Metric (layer F.Cu) (tedit 5B301BBE) (tstamp 603A9EDE)
    (at 141.1 111.4875 270)
    (descr "Capacitor SMD 0603 (1608 Metric), square (rectangular) end terminal, IPC_7351 nominal, (Body size source: http://www.tortai-tech.com/upload/download/2011102023233369053.pdf), generated with kicad-footprint-generator")
    (tags capacitor)
    (path /603703E4/603B3E54)
    (attr smd)
    (fp_text reference C5 (at -0.0875 0 90) (layer F.SilkS)
      (effects (font (size 1 1) (thickness 0.15)))
    )
    (fp_text value 100nF (at 0 1.43 90) (layer F.Fab)
      (effects (font (size 1 1) (thickness 0.15)))
    )
    (fp_text user %R (at 0 0 90) (layer F.Fab)
      (effects (font (size 0.4 0.4) (thickness 0.06)))
    )
    (fp_line (start 1.48 0.73) (end -1.48 0.73) (layer F.CrtYd) (width 0.05))
    (fp_line (start 1.48 -0.73) (end 1.48 0.73) (layer F.CrtYd) (width 0.05))
    (fp_line (start -1.48 -0.73) (end 1.48 -0.73) (layer F.CrtYd) (width 0.05))
    (fp_line (start -1.48 0.73) (end -1.48 -0.73) (layer F.CrtYd) (width 0.05))
    (fp_line (start -0.162779 0.51) (end 0.162779 0.51) (layer F.SilkS) (width 0.12))
    (fp_line (start -0.162779 -0.51) (end 0.162779 -0.51) (layer F.SilkS) (width 0.12))
    (fp_line (start 0.8 0.4) (end -0.8 0.4) (layer F.Fab) (width 0.1))
    (fp_line (start 0.8 -0.4) (end 0.8 0.4) (layer F.Fab) (width 0.1))
    (fp_line (start -0.8 -0.4) (end 0.8 -0.4) (layer F.Fab) (width 0.1))
    (fp_line (start -0.8 0.4) (end -0.8 -0.4) (layer F.Fab) (width 0.1))
    (pad 2 smd roundrect (at 0.7875 0 270) (size 0.875 0.95) (layers F.Cu F.Paste F.Mask) (roundrect_rratio 0.25)
      (net 1 GND))
    (pad 1 smd roundrect (at -0.7875 0 270) (size 0.875 0.95) (layers F.Cu F.Paste F.Mask) (roundrect_rratio 0.25)
      (net 6 +5V))
    (model ${KISYS3DMOD}/Capacitor_SMD.3dshapes/C_0603_1608Metric.wrl
      (at (xyz 0 0 0))
      (scale (xyz 1 1 1))
      (rotate (xyz 0 0 0))
    )
  )

  (module Capacitor_SMD:C_0603_1608Metric (layer F.Cu) (tedit 5B301BBE) (tstamp 603A9ECD)
    (at 137 108.4875 270)
    (descr "Capacitor SMD 0603 (1608 Metric), square (rectangular) end terminal, IPC_7351 nominal, (Body size source: http://www.tortai-tech.com/upload/download/2011102023233369053.pdf), generated with kicad-footprint-generator")
    (tags capacitor)
    (path /603703E4/603B35D9)
    (attr smd)
    (fp_text reference C4 (at 0.5125 1.3 90) (layer F.SilkS)
      (effects (font (size 1 1) (thickness 0.15)))
    )
    (fp_text value 4.7uF (at 0 1.43 90) (layer F.Fab)
      (effects (font (size 1 1) (thickness 0.15)))
    )
    (fp_text user %R (at 0 0 90) (layer F.Fab)
      (effects (font (size 0.4 0.4) (thickness 0.06)))
    )
    (fp_line (start 1.48 0.73) (end -1.48 0.73) (layer F.CrtYd) (width 0.05))
    (fp_line (start 1.48 -0.73) (end 1.48 0.73) (layer F.CrtYd) (width 0.05))
    (fp_line (start -1.48 -0.73) (end 1.48 -0.73) (layer F.CrtYd) (width 0.05))
    (fp_line (start -1.48 0.73) (end -1.48 -0.73) (layer F.CrtYd) (width 0.05))
    (fp_line (start -0.162779 0.51) (end 0.162779 0.51) (layer F.SilkS) (width 0.12))
    (fp_line (start -0.162779 -0.51) (end 0.162779 -0.51) (layer F.SilkS) (width 0.12))
    (fp_line (start 0.8 0.4) (end -0.8 0.4) (layer F.Fab) (width 0.1))
    (fp_line (start 0.8 -0.4) (end 0.8 0.4) (layer F.Fab) (width 0.1))
    (fp_line (start -0.8 -0.4) (end 0.8 -0.4) (layer F.Fab) (width 0.1))
    (fp_line (start -0.8 0.4) (end -0.8 -0.4) (layer F.Fab) (width 0.1))
    (pad 2 smd roundrect (at 0.7875 0 270) (size 0.875 0.95) (layers F.Cu F.Paste F.Mask) (roundrect_rratio 0.25)
      (net 1 GND))
    (pad 1 smd roundrect (at -0.7875 0 270) (size 0.875 0.95) (layers F.Cu F.Paste F.Mask) (roundrect_rratio 0.25)
      (net 6 +5V))
    (model ${KISYS3DMOD}/Capacitor_SMD.3dshapes/C_0603_1608Metric.wrl
      (at (xyz 0 0 0))
      (scale (xyz 1 1 1))
      (rotate (xyz 0 0 0))
    )
  )

  (module Capacitor_SMD:C_0603_1608Metric (layer F.Cu) (tedit 5B301BBE) (tstamp 603A9EBC)
    (at 142 101.5 90)
    (descr "Capacitor SMD 0603 (1608 Metric), square (rectangular) end terminal, IPC_7351 nominal, (Body size source: http://www.tortai-tech.com/upload/download/2011102023233369053.pdf), generated with kicad-footprint-generator")
    (tags capacitor)
    (path /603703E4/603B2C8F)
    (attr smd)
    (fp_text reference C3 (at 0 -0.1 90) (layer F.SilkS)
      (effects (font (size 1 1) (thickness 0.15)))
    )
    (fp_text value 100nF (at 0 1.43 90) (layer F.Fab)
      (effects (font (size 1 1) (thickness 0.15)))
    )
    (fp_text user %R (at 0 0 90) (layer F.Fab)
      (effects (font (size 0.4 0.4) (thickness 0.06)))
    )
    (fp_line (start 1.48 0.73) (end -1.48 0.73) (layer F.CrtYd) (width 0.05))
    (fp_line (start 1.48 -0.73) (end 1.48 0.73) (layer F.CrtYd) (width 0.05))
    (fp_line (start -1.48 -0.73) (end 1.48 -0.73) (layer F.CrtYd) (width 0.05))
    (fp_line (start -1.48 0.73) (end -1.48 -0.73) (layer F.CrtYd) (width 0.05))
    (fp_line (start -0.162779 0.51) (end 0.162779 0.51) (layer F.SilkS) (width 0.12))
    (fp_line (start -0.162779 -0.51) (end 0.162779 -0.51) (layer F.SilkS) (width 0.12))
    (fp_line (start 0.8 0.4) (end -0.8 0.4) (layer F.Fab) (width 0.1))
    (fp_line (start 0.8 -0.4) (end 0.8 0.4) (layer F.Fab) (width 0.1))
    (fp_line (start -0.8 -0.4) (end 0.8 -0.4) (layer F.Fab) (width 0.1))
    (fp_line (start -0.8 0.4) (end -0.8 -0.4) (layer F.Fab) (width 0.1))
    (pad 2 smd roundrect (at 0.7875 0 90) (size 0.875 0.95) (layers F.Cu F.Paste F.Mask) (roundrect_rratio 0.25)
      (net 1 GND))
    (pad 1 smd roundrect (at -0.7875 0 90) (size 0.875 0.95) (layers F.Cu F.Paste F.Mask) (roundrect_rratio 0.25)
      (net 3 +3V3))
    (model ${KISYS3DMOD}/Capacitor_SMD.3dshapes/C_0603_1608Metric.wrl
      (at (xyz 0 0 0))
      (scale (xyz 1 1 1))
      (rotate (xyz 0 0 0))
    )
  )

  (module Capacitor_SMD:C_0603_1608Metric (layer F.Cu) (tedit 5B301BBE) (tstamp 603A9EAB)
    (at 139.6 111.4875 270)
    (descr "Capacitor SMD 0603 (1608 Metric), square (rectangular) end terminal, IPC_7351 nominal, (Body size source: http://www.tortai-tech.com/upload/download/2011102023233369053.pdf), generated with kicad-footprint-generator")
    (tags capacitor)
    (path /603703E4/603B0CC4)
    (attr smd)
    (fp_text reference C2 (at 0 -0.1 90) (layer F.SilkS)
      (effects (font (size 1 1) (thickness 0.15)))
    )
    (fp_text value 100nF (at 0 1.43 90) (layer F.Fab)
      (effects (font (size 1 1) (thickness 0.15)))
    )
    (fp_text user %R (at 0 0 90) (layer F.Fab)
      (effects (font (size 0.4 0.4) (thickness 0.06)))
    )
    (fp_line (start 1.48 0.73) (end -1.48 0.73) (layer F.CrtYd) (width 0.05))
    (fp_line (start 1.48 -0.73) (end 1.48 0.73) (layer F.CrtYd) (width 0.05))
    (fp_line (start -1.48 -0.73) (end 1.48 -0.73) (layer F.CrtYd) (width 0.05))
    (fp_line (start -1.48 0.73) (end -1.48 -0.73) (layer F.CrtYd) (width 0.05))
    (fp_line (start -0.162779 0.51) (end 0.162779 0.51) (layer F.SilkS) (width 0.12))
    (fp_line (start -0.162779 -0.51) (end 0.162779 -0.51) (layer F.SilkS) (width 0.12))
    (fp_line (start 0.8 0.4) (end -0.8 0.4) (layer F.Fab) (width 0.1))
    (fp_line (start 0.8 -0.4) (end 0.8 0.4) (layer F.Fab) (width 0.1))
    (fp_line (start -0.8 -0.4) (end 0.8 -0.4) (layer F.Fab) (width 0.1))
    (fp_line (start -0.8 0.4) (end -0.8 -0.4) (layer F.Fab) (width 0.1))
    (pad 2 smd roundrect (at 0.7875 0 270) (size 0.875 0.95) (layers F.Cu F.Paste F.Mask) (roundrect_rratio 0.25)
      (net 1 GND))
    (pad 1 smd roundrect (at -0.7875 0 270) (size 0.875 0.95) (layers F.Cu F.Paste F.Mask) (roundrect_rratio 0.25)
      (net 3 +3V3))
    (model ${KISYS3DMOD}/Capacitor_SMD.3dshapes/C_0603_1608Metric.wrl
      (at (xyz 0 0 0))
      (scale (xyz 1 1 1))
      (rotate (xyz 0 0 0))
    )
  )

  (module Capacitor_SMD:C_0603_1608Metric (layer B.Cu) (tedit 5B301BBE) (tstamp 603A9E9A)
    (at 143.1 111.4125 270)
    (descr "Capacitor SMD 0603 (1608 Metric), square (rectangular) end terminal, IPC_7351 nominal, (Body size source: http://www.tortai-tech.com/upload/download/2011102023233369053.pdf), generated with kicad-footprint-generator")
    (tags capacitor)
    (path /603703E4/603AFE96)
    (attr smd)
    (fp_text reference C1 (at 0 0 270) (layer B.SilkS)
      (effects (font (size 1 1) (thickness 0.15)) (justify mirror))
    )
    (fp_text value 10nF (at 0 -1.43 270) (layer B.Fab)
      (effects (font (size 1 1) (thickness 0.15)) (justify mirror))
    )
    (fp_text user %R (at 0 0 270) (layer B.Fab)
      (effects (font (size 0.4 0.4) (thickness 0.06)) (justify mirror))
    )
    (fp_line (start 1.48 -0.73) (end -1.48 -0.73) (layer B.CrtYd) (width 0.05))
    (fp_line (start 1.48 0.73) (end 1.48 -0.73) (layer B.CrtYd) (width 0.05))
    (fp_line (start -1.48 0.73) (end 1.48 0.73) (layer B.CrtYd) (width 0.05))
    (fp_line (start -1.48 -0.73) (end -1.48 0.73) (layer B.CrtYd) (width 0.05))
    (fp_line (start -0.162779 -0.51) (end 0.162779 -0.51) (layer B.SilkS) (width 0.12))
    (fp_line (start -0.162779 0.51) (end 0.162779 0.51) (layer B.SilkS) (width 0.12))
    (fp_line (start 0.8 -0.4) (end -0.8 -0.4) (layer B.Fab) (width 0.1))
    (fp_line (start 0.8 0.4) (end 0.8 -0.4) (layer B.Fab) (width 0.1))
    (fp_line (start -0.8 0.4) (end 0.8 0.4) (layer B.Fab) (width 0.1))
    (fp_line (start -0.8 -0.4) (end -0.8 0.4) (layer B.Fab) (width 0.1))
    (pad 2 smd roundrect (at 0.7875 0 270) (size 0.875 0.95) (layers B.Cu B.Paste B.Mask) (roundrect_rratio 0.25)
      (net 1 GND))
    (pad 1 smd roundrect (at -0.7875 0 270) (size 0.875 0.95) (layers B.Cu B.Paste B.Mask) (roundrect_rratio 0.25)
      (net 2 "Net-(C1-Pad1)"))
    (model ${KISYS3DMOD}/Capacitor_SMD.3dshapes/C_0603_1608Metric.wrl
      (at (xyz 0 0 0))
      (scale (xyz 1 1 1))
      (rotate (xyz 0 0 0))
    )
  )

  (module on_edge:on_edge_2x02_device (layer F.Cu) (tedit 602178B4) (tstamp 603743A1)
    (at 130 106.5 270)
    (path /6036E1AF)
    (attr virtual)
    (fp_text reference J1 (at 0 1.2 270 unlocked) (layer F.Fab)
      (effects (font (size 0.5 0.5) (thickness 0.05)))
    )
    (fp_text value 008_USB_2x2 (at 0 2 270 unlocked) (layer F.Fab)
      (effects (font (size 0.5 0.5) (thickness 0.05)))
    )
    (fp_arc (start -2 -0.5) (end -2 0) (angle -90) (layer Edge.Cuts) (width 0.05))
    (fp_arc (start 0 -0.5) (end -0.5 -0.5) (angle -90) (layer Edge.Cuts) (width 0.05))
    (fp_arc (start -1 -2.6) (end -0.5 -2.6) (angle -180) (layer Edge.Cuts) (width 0.05))
    (fp_line (start -0.4 -5.4) (end -0.35 -5.4) (layer F.Cu) (width 0.15))
    (fp_line (start -0.5 -5.4) (end -0.35 -5.4) (layer F.Mask) (width 0.15))
    (fp_poly (pts (xy -0.5 -5.325) (xy -0.5 -5.475) (xy -0.375 -5.475) (xy -0.375 -5.325)) (layer F.Cu) (width 0))
    (fp_line (start -0.4 -5.05) (end -0.35 -5.05) (layer F.Cu) (width 0.15))
    (fp_line (start -0.5 -5.05) (end -0.35 -5.05) (layer F.Mask) (width 0.15))
    (fp_poly (pts (xy -0.5 -4.975) (xy -0.5 -5.125) (xy -0.375 -5.125) (xy -0.375 -4.975)) (layer F.Cu) (width 0))
    (fp_line (start -0.5 -4.7) (end -0.35 -4.7) (layer F.Mask) (width 0.15))
    (fp_line (start -0.4 -4.7) (end -0.35 -4.7) (layer F.Cu) (width 0.15))
    (fp_poly (pts (xy -0.5 -4.625) (xy -0.5 -4.775) (xy -0.375 -4.775) (xy -0.375 -4.625)) (layer F.Cu) (width 0))
    (fp_line (start -0.65 -4.45) (end -0.65 -4.4) (layer F.Cu) (width 0.15))
    (fp_line (start -0.65 -4.55) (end -0.65 -4.4) (layer F.Mask) (width 0.15))
    (fp_poly (pts (xy -0.725 -4.55) (xy -0.575 -4.55) (xy -0.575 -4.425) (xy -0.725 -4.425)) (layer F.Cu) (width 0))
    (fp_line (start -1 -4.45) (end -1 -4.4) (layer F.Cu) (width 0.15))
    (fp_line (start -1 -4.55) (end -1 -4.4) (layer F.Mask) (width 0.15))
    (fp_poly (pts (xy -1.075 -4.55) (xy -0.925 -4.55) (xy -0.925 -4.425) (xy -1.075 -4.425)) (layer F.Cu) (width 0))
    (fp_line (start -1.35 -4.55) (end -1.35 -4.4) (layer F.Mask) (width 0.15))
    (fp_line (start -1.35 -4.45) (end -1.35 -4.4) (layer F.Cu) (width 0.15))
    (fp_poly (pts (xy -1.425 -4.55) (xy -1.275 -4.55) (xy -1.275 -4.425) (xy -1.425 -4.425)) (layer F.Cu) (width 0))
    (fp_poly (pts (xy -1.5 -4.775) (xy -1.5 -4.625) (xy -1.625 -4.625) (xy -1.625 -4.775)) (layer F.Cu) (width 0))
    (fp_line (start -1.6 -5.05) (end -1.65 -5.05) (layer F.Cu) (width 0.15))
    (fp_line (start -1.5 -5.05) (end -1.65 -5.05) (layer F.Mask) (width 0.15))
    (fp_poly (pts (xy -1.5 -5.125) (xy -1.5 -4.975) (xy -1.625 -4.975) (xy -1.625 -5.125)) (layer F.Cu) (width 0))
    (fp_line (start -1.5 -5.4) (end -1.65 -5.4) (layer F.Mask) (width 0.15))
    (fp_line (start -1.6 -5.4) (end -1.65 -5.4) (layer F.Cu) (width 0.15))
    (fp_poly (pts (xy -1.5 -5.475) (xy -1.5 -5.325) (xy -1.625 -5.325) (xy -1.625 -5.475)) (layer F.Cu) (width 0))
    (fp_line (start -1.5 -4.7) (end -1.65 -4.7) (layer F.Mask) (width 0.15))
    (fp_line (start -1.6 -4.7) (end -1.65 -4.7) (layer F.Cu) (width 0.15))
    (fp_line (start -1.5 -2.6) (end -1.5 -0.5) (layer Edge.Cuts) (width 0.05))
    (fp_line (start -0.5 -0.5) (end -0.5 -2.6) (layer Edge.Cuts) (width 0.05))
    (fp_line (start -1.2 -3.85) (end -1 -4.05) (layer F.SilkS) (width 0.153))
    (fp_line (start -1 -4.05) (end -0.8 -3.85) (layer F.SilkS) (width 0.153))
    (fp_line (start -1 -4.05) (end -1 -3.323) (layer F.SilkS) (width 0.153))
    (fp_line (start -3 -5) (end 1 -5) (layer F.CrtYd) (width 0.05))
    (fp_line (start 1 -5) (end 1 0.5) (layer F.CrtYd) (width 0.05))
    (fp_line (start 1 0.5) (end -3 0.5) (layer F.CrtYd) (width 0.05))
    (fp_line (start -3 0.5) (end -3 -5) (layer F.CrtYd) (width 0.05))
